,pos,neg,senti_score,label
0,4,2,2,1.0
1,9,2,7,1.0
2,6,0,6,1.0
3,12,16,-4,0.0
4,33,16,17,1.0
5,5,2,3,1.0
6,2,1,1,1.0
7,20,33,-13,0.0
8,8,2,6,1.0
9,2,4,-2,0.0
10,32,24,8,1.0
11,9,5,4,1.0
12,8,11,-3,0.0
13,1,1,0,1.0
14,4,3,1,1.0
15,15,9,6,1.0
16,8,6,2,1.0
17,4,2,2,1.0
18,9,16,-7,0.0
19,4,0,4,1.0
20,7,6,1,1.0
21,6,5,1,1.0
22,3,1,2,1.0
23,4,6,-2,0.0
24,0,0,0,1.0
25,6,3,3,1.0
26,0,0,0,1.0
27,7,11,-4,0.0
28,15,19,-4,0.0
29,7,10,-3,0.0
30,5,11,-6,0.0
31,3,2,1,1.0
32,23,20,3,1.0
33,3,2,1,1.0
34,5,8,-3,0.0
35,2,3,-1,0.0
36,10,3,7,1.0
37,15,12,3,1.0
38,19,23,-4,0.0
39,3,1,2,1.0
40,3,0,3,1.0
41,0,0,0,1.0
42,21,20,1,1.0
43,2,5,-3,0.0
44,16,9,7,1.0
45,1,0,1,1.0
46,23,19,4,1.0
47,1,0,1,1.0
48,8,3,5,1.0
49,3,1,2,1.0
50,3,3,0,1.0
51,4,1,3,1.0
52,7,2,5,1.0
53,3,5,-2,0.0
54,12,8,4,1.0
55,2,2,0,1.0
56,3,2,1,1.0
57,1,1,0,1.0
58,0,0,0,1.0
59,5,2,3,1.0
60,11,7,4,1.0
61,4,5,-1,0.0
62,4,1,3,1.0
63,9,11,-2,0.0
64,6,4,2,1.0
65,8,17,-9,0.0
66,4,4,0,1.0
67,5,6,-1,0.0
68,9,12,-3,0.0
69,3,0,3,1.0
70,6,9,-3,0.0
71,6,10,-4,0.0
72,11,18,-7,0.0
73,1,1,0,1.0
74,20,20,0,1.0
75,3,3,0,1.0
76,0,1,-1,0.0
77,15,12,3,1.0
78,7,10,-3,0.0
79,18,19,-1,0.0
80,14,9,5,1.0
81,5,3,2,1.0
82,2,2,0,1.0
83,17,15,2,1.0
84,3,1,2,1.0
85,2,3,-1,0.0
86,2,14,-12,0.0
87,5,4,1,1.0
88,5,5,0,1.0
89,5,1,4,1.0
90,2,1,1,1.0
91,7,7,0,1.0
92,12,8,4,1.0
93,1,1,0,1.0
94,11,7,4,1.0
95,7,2,5,1.0
96,13,21,-8,0.0
97,16,26,-10,0.0
98,1,3,-2,0.0
99,1,0,1,1.0
100,4,9,-5,0.0
101,5,1,4,1.0
102,5,7,-2,0.0
103,2,3,-1,0.0
104,7,6,1,1.0
105,16,12,4,1.0
106,2,1,1,1.0
107,11,10,1,1.0
108,2,1,1,1.0
109,1,1,0,1.0
110,39,22,17,1.0
111,7,6,1,1.0
112,1,0,1,1.0
113,3,1,2,1.0
114,33,47,-14,0.0
115,0,0,0,1.0
116,11,7,4,1.0
117,3,4,-1,0.0
118,0,0,0,1.0
119,7,1,6,1.0
120,4,0,4,1.0
121,11,5,6,1.0
122,10,17,-7,0.0
123,4,2,2,1.0
124,3,4,-1,0.0
125,18,14,4,1.0
126,7,14,-7,0.0
127,6,4,2,1.0
128,3,4,-1,0.0
129,11,11,0,1.0
130,9,9,0,1.0
131,2,2,0,1.0
132,3,0,3,1.0
133,7,3,4,1.0
134,7,3,4,1.0
135,5,3,2,1.0
136,10,15,-5,0.0
137,7,4,3,1.0
138,16,21,-5,0.0
139,20,7,13,1.0
140,0,3,-3,0.0
141,7,7,0,1.0
142,6,11,-5,0.0
143,3,6,-3,0.0
144,9,12,-3,0.0
145,11,11,0,1.0
146,9,4,5,1.0
147,5,7,-2,0.0
148,0,2,-2,0.0
149,5,1,4,1.0
150,42,45,-3,0.0
151,15,23,-8,0.0
152,10,6,4,1.0
153,12,11,1,1.0
154,13,15,-2,0.0
155,2,4,-2,0.0
156,8,3,5,1.0
157,0,0,0,1.0
158,5,4,1,1.0
159,5,7,-2,0.0
160,14,11,3,1.0
161,3,4,-1,0.0
162,1,1,0,1.0
163,1,0,1,1.0
164,13,12,1,1.0
165,6,6,0,1.0
166,2,11,-9,0.0
167,0,0,0,1.0
168,7,5,2,1.0
169,9,8,1,1.0
170,9,9,0,1.0
171,6,5,1,1.0
172,6,6,0,1.0
173,8,12,-4,0.0
174,3,2,1,1.0
175,11,10,1,1.0
176,15,10,5,1.0
177,15,25,-10,0.0
178,2,3,-1,0.0
179,37,29,8,1.0
180,14,15,-1,0.0
181,8,9,-1,0.0
182,12,12,0,1.0
183,8,18,-10,0.0
184,3,0,3,1.0
185,15,22,-7,0.0
186,10,11,-1,0.0
187,3,2,1,1.0
188,8,8,0,1.0
189,3,8,-5,0.0
190,1,1,0,1.0
191,4,5,-1,0.0
192,18,17,1,1.0
193,14,9,5,1.0
194,0,2,-2,0.0
195,8,1,7,1.0
196,8,15,-7,0.0
197,7,12,-5,0.0
198,10,9,1,1.0
199,9,12,-3,0.0
200,6,5,1,1.0
201,7,20,-13,0.0
202,8,10,-2,0.0
203,35,20,15,1.0
204,15,21,-6,0.0
205,10,3,7,1.0
206,12,8,4,1.0
207,17,28,-11,0.0
208,12,22,-10,0.0
209,1,3,-2,0.0
210,11,18,-7,0.0
211,3,1,2,1.0
212,1,2,-1,0.0
213,8,6,2,1.0
214,4,4,0,1.0
215,21,31,-10,0.0
216,18,15,3,1.0
217,5,7,-2,0.0
218,1,3,-2,0.0
219,0,0,0,1.0
220,4,3,1,1.0
221,3,2,1,1.0
222,5,1,4,1.0
223,4,7,-3,0.0
224,9,4,5,1.0
225,9,8,1,1.0
226,7,4,3,1.0
227,8,11,-3,0.0
228,15,7,8,1.0
229,0,0,0,1.0
230,15,11,4,1.0
231,4,5,-1,0.0
232,20,16,4,1.0
233,9,5,4,1.0
234,2,1,1,1.0
235,7,1,6,1.0
236,4,4,0,1.0
237,1,0,1,1.0
238,1,0,1,1.0
239,10,9,1,1.0
240,0,0,0,1.0
241,2,2,0,1.0
242,6,7,-1,0.0
243,26,22,4,1.0
244,10,11,-1,0.0
245,6,3,3,1.0
246,2,2,0,1.0
247,2,13,-11,0.0
248,4,2,2,1.0
249,3,3,0,1.0
250,8,4,4,1.0
251,19,21,-2,0.0
252,2,4,-2,0.0
253,2,1,1,1.0
254,10,9,1,1.0
255,7,6,1,1.0
256,11,11,0,1.0
257,3,3,0,1.0
258,11,19,-8,0.0
259,4,5,-1,0.0
260,12,7,5,1.0
261,1,5,-4,0.0
262,11,10,1,1.0
263,11,9,2,1.0
264,3,3,0,1.0
265,5,8,-3,0.0
266,4,7,-3,0.0
267,5,4,1,1.0
268,12,17,-5,0.0
269,11,11,0,1.0
270,6,5,1,1.0
271,17,17,0,1.0
272,1,3,-2,0.0
273,15,13,2,1.0
274,11,7,4,1.0
275,5,1,4,1.0
276,9,8,1,1.0
277,7,5,2,1.0
278,5,2,3,1.0
279,22,28,-6,0.0
280,7,11,-4,0.0
281,4,1,3,1.0
282,1,0,1,1.0
283,15,7,8,1.0
284,0,3,-3,0.0
285,1,1,0,1.0
286,4,3,1,1.0
287,1,3,-2,0.0
288,0,2,-2,0.0
289,4,1,3,1.0
290,6,5,1,1.0
291,9,9,0,1.0
292,13,11,2,1.0
293,4,4,0,1.0
294,5,4,1,1.0
295,15,18,-3,0.0
296,7,5,2,1.0
297,7,14,-7,0.0
298,2,1,1,1.0
299,6,10,-4,0.0
300,0,0,0,1.0
301,8,8,0,1.0
302,18,11,7,1.0
303,2,0,2,1.0
304,5,9,-4,0.0
305,3,4,-1,0.0
306,11,7,4,1.0
307,3,2,1,1.0
308,11,13,-2,0.0
309,1,1,0,1.0
310,5,1,4,1.0
311,11,8,3,1.0
312,4,3,1,1.0
313,11,8,3,1.0
314,3,6,-3,0.0
315,4,9,-5,0.0
316,3,2,1,1.0
317,0,0,0,1.0
318,10,18,-8,0.0
319,15,15,0,1.0
320,12,11,1,1.0
321,2,3,-1,0.0
322,3,5,-2,0.0
323,18,19,-1,0.0
324,16,13,3,1.0
325,4,11,-7,0.0
326,19,20,-1,0.0
327,2,5,-3,0.0
328,7,8,-1,0.0
329,2,0,2,1.0
330,0,0,0,1.0
331,13,10,3,1.0
332,1,0,1,1.0
333,8,13,-5,0.0
334,3,1,2,1.0
335,23,23,0,1.0
336,2,0,2,1.0
337,5,1,4,1.0
338,8,8,0,1.0
339,14,24,-10,0.0
340,7,12,-5,0.0
341,17,15,2,1.0
342,5,2,3,1.0
343,10,9,1,1.0
344,2,1,1,1.0
345,1,2,-1,0.0
346,4,3,1,1.0
347,7,12,-5,0.0
348,4,10,-6,0.0
349,12,20,-8,0.0
350,17,15,2,1.0
351,2,2,0,1.0
352,15,10,5,1.0
353,7,9,-2,0.0
354,5,8,-3,0.0
355,7,9,-2,0.0
356,10,9,1,1.0
357,1,3,-2,0.0
358,2,3,-1,0.0
359,21,15,6,1.0
360,0,2,-2,0.0
361,10,13,-3,0.0
362,11,8,3,1.0
363,19,10,9,1.0
364,1,2,-1,0.0
365,5,8,-3,0.0
366,10,7,3,1.0
367,7,8,-1,0.0
368,2,2,0,1.0
369,8,8,0,1.0
370,6,6,0,1.0
371,2,2,0,1.0
372,6,8,-2,0.0
373,7,9,-2,0.0
374,3,8,-5,0.0
375,5,6,-1,0.0
376,15,20,-5,0.0
377,9,6,3,1.0
378,2,1,1,1.0
379,10,3,7,1.0
380,24,17,7,1.0
381,5,5,0,1.0
382,8,8,0,1.0
383,0,1,-1,0.0
384,3,7,-4,0.0
385,16,13,3,1.0
386,13,19,-6,0.0
387,7,5,2,1.0
388,18,8,10,1.0
389,13,4,9,1.0
390,4,8,-4,0.0
391,0,9,-9,0.0
392,25,17,8,1.0
393,5,7,-2,0.0
394,16,14,2,1.0
395,13,17,-4,0.0
396,15,15,0,1.0
397,10,10,0,1.0
398,7,11,-4,0.0
399,5,4,1,1.0
400,2,8,-6,0.0
401,5,2,3,1.0
402,16,23,-7,0.0
403,15,16,-1,0.0
404,1,5,-4,0.0
405,1,3,-2,0.0
406,10,7,3,1.0
407,9,15,-6,0.0
408,8,9,-1,0.0
409,12,8,4,1.0
410,8,10,-2,0.0
411,11,8,3,1.0
412,16,16,0,1.0
413,7,16,-9,0.0
414,8,8,0,1.0
415,4,4,0,1.0
416,7,8,-1,0.0
417,10,12,-2,0.0
418,0,0,0,1.0
419,10,12,-2,0.0
420,1,1,0,1.0
421,3,2,1,1.0
422,0,1,-1,0.0
423,16,9,7,1.0
424,8,10,-2,0.0
425,9,6,3,1.0
426,15,12,3,1.0
427,5,0,5,1.0
428,3,11,-8,0.0
429,8,10,-2,0.0
430,6,12,-6,0.0
431,0,2,-2,0.0
432,13,10,3,1.0
433,4,2,2,1.0
434,15,14,1,1.0
435,7,8,-1,0.0
436,0,1,-1,0.0
437,19,17,2,1.0
438,17,11,6,1.0
439,5,4,1,1.0
440,7,3,4,1.0
441,18,14,4,1.0
442,13,6,7,1.0
443,7,3,4,1.0
444,4,7,-3,0.0
445,4,0,4,1.0
446,15,11,4,1.0
447,18,19,-1,0.0
448,19,22,-3,0.0
449,1,2,-1,0.0
450,10,6,4,1.0
451,3,5,-2,0.0
452,20,13,7,1.0
453,12,9,3,1.0
454,9,5,4,1.0
455,7,8,-1,0.0
456,7,9,-2,0.0
457,8,10,-2,0.0
458,16,20,-4,0.0
459,14,15,-1,0.0
460,1,3,-2,0.0
461,14,11,3,1.0
462,7,1,6,1.0
463,18,13,5,1.0
464,6,6,0,1.0
465,3,2,1,1.0
466,0,4,-4,0.0
467,2,1,1,1.0
468,1,0,1,1.0
469,8,10,-2,0.0
470,2,4,-2,0.0
471,19,22,-3,0.0
472,8,2,6,1.0
473,2,0,2,1.0
474,10,3,7,1.0
475,4,1,3,1.0
476,3,2,1,1.0
477,5,7,-2,0.0
478,10,9,1,1.0
479,10,6,4,1.0
480,7,6,1,1.0
481,5,6,-1,0.0
482,2,2,0,1.0
483,2,3,-1,0.0
484,11,4,7,1.0
485,4,6,-2,0.0
486,1,2,-1,0.0
487,9,3,6,1.0
488,6,12,-6,0.0
489,2,0,2,1.0
490,7,1,6,1.0
491,36,25,11,1.0
492,2,2,0,1.0
493,12,7,5,1.0
494,3,0,3,1.0
495,6,4,2,1.0
496,5,6,-1,0.0
497,8,11,-3,0.0
498,7,7,0,1.0
499,5,3,2,1.0
500,1,1,0,1.0
501,5,6,-1,0.0
502,10,3,7,1.0
503,2,3,-1,0.0
504,0,0,0,1.0
505,12,12,0,1.0
506,1,0,1,1.0
507,0,0,0,1.0
508,3,3,0,1.0
509,9,6,3,1.0
510,3,2,1,1.0
511,5,6,-1,0.0
512,3,5,-2,0.0
513,1,0,1,1.0
514,5,11,-6,0.0
515,3,2,1,1.0
516,2,0,2,1.0
517,3,4,-1,0.0
518,1,0,1,1.0
519,1,2,-1,0.0
520,14,9,5,1.0
521,3,2,1,1.0
522,3,2,1,1.0
523,1,0,1,1.0
524,2,1,1,1.0
525,6,4,2,1.0
526,3,3,0,1.0
527,0,1,-1,0.0
528,26,29,-3,0.0
529,0,2,-2,0.0
530,4,0,4,1.0
531,15,19,-4,0.0
532,1,2,-1,0.0
533,18,20,-2,0.0
534,7,2,5,1.0
535,3,6,-3,0.0
536,2,2,0,1.0
537,0,0,0,1.0
538,24,16,8,1.0
539,2,0,2,1.0
540,6,9,-3,0.0
541,1,1,0,1.0
542,6,7,-1,0.0
543,2,4,-2,0.0
544,5,1,4,1.0
545,5,15,-10,0.0
546,2,0,2,1.0
547,2,0,2,1.0
548,8,8,0,1.0
549,0,3,-3,0.0
550,6,6,0,1.0
551,7,2,5,1.0
552,9,6,3,1.0
553,3,2,1,1.0
554,2,0,2,1.0
555,13,7,6,1.0
556,3,0,3,1.0
557,15,11,4,1.0
558,3,4,-1,0.0
559,3,4,-1,0.0
560,11,10,1,1.0
561,3,2,1,1.0
562,0,0,0,1.0
563,1,1,0,1.0
564,11,9,2,1.0
565,1,0,1,1.0
566,3,2,1,1.0
567,3,1,2,1.0
568,0,0,0,1.0
569,5,3,2,1.0
570,4,2,2,1.0
571,5,3,2,1.0
572,11,11,0,1.0
573,18,8,10,1.0
574,0,0,0,1.0
575,3,3,0,1.0
576,9,14,-5,0.0
577,3,6,-3,0.0
578,16,20,-4,0.0
579,6,4,2,1.0
580,2,1,1,1.0
581,3,2,1,1.0
582,9,4,5,1.0
583,2,4,-2,0.0
584,2,3,-1,0.0
585,9,4,5,1.0
586,0,0,0,1.0
587,9,7,2,1.0
588,3,2,1,1.0
589,0,0,0,1.0
590,9,4,5,1.0
591,3,2,1,1.0
592,2,3,-1,0.0
593,24,11,13,1.0
594,5,5,0,1.0
595,22,21,1,1.0
596,5,11,-6,0.0
597,5,5,0,1.0
598,10,8,2,1.0
599,4,1,3,1.0
600,4,4,0,1.0
601,9,15,-6,0.0
602,4,5,-1,0.0
603,0,1,-1,0.0
604,9,4,5,1.0
605,4,4,0,1.0
606,3,2,1,1.0
607,0,1,-1,0.0
608,0,1,-1,0.0
609,5,3,2,1.0
610,16,26,-10,0.0
611,7,2,5,1.0
612,7,4,3,1.0
613,3,3,0,1.0
614,1,1,0,1.0
615,7,11,-4,0.0
616,25,10,15,1.0
617,4,4,0,1.0
618,0,0,0,1.0
619,13,11,2,1.0
620,1,3,-2,0.0
621,7,3,4,1.0
622,11,9,2,1.0
623,3,2,1,1.0
624,0,1,-1,0.0
625,30,18,12,1.0
626,2,3,-1,0.0
627,6,4,2,1.0
628,6,7,-1,0.0
629,26,26,0,1.0
630,4,2,2,1.0
631,5,1,4,1.0
632,3,3,0,1.0
633,2,1,1,1.0
634,4,3,1,1.0
635,5,2,3,1.0
636,7,9,-2,0.0
637,4,7,-3,0.0
638,0,0,0,1.0
639,5,5,0,1.0
640,1,1,0,1.0
641,8,6,2,1.0
642,9,15,-6,0.0
643,16,9,7,1.0
644,13,11,2,1.0
645,9,10,-1,0.0
646,4,5,-1,0.0
647,11,4,7,1.0
648,5,2,3,1.0
649,2,6,-4,0.0
650,12,3,9,1.0
651,7,4,3,1.0
652,0,0,0,1.0
653,15,12,3,1.0
654,5,3,2,1.0
655,2,1,1,1.0
656,9,8,1,1.0
657,6,7,-1,0.0
658,6,4,2,1.0
659,6,4,2,1.0
660,11,7,4,1.0
661,5,4,1,1.0
662,5,3,2,1.0
663,10,4,6,1.0
664,3,1,2,1.0
665,10,8,2,1.0
666,17,17,0,1.0
667,7,7,0,1.0
668,9,3,6,1.0
669,1,2,-1,0.0
670,5,7,-2,0.0
671,2,3,-1,0.0
672,3,2,1,1.0
673,8,5,3,1.0
674,6,5,1,1.0
675,6,7,-1,0.0
676,9,8,1,1.0
677,4,3,1,1.0
678,19,28,-9,0.0
679,4,4,0,1.0
680,4,2,2,1.0
681,6,2,4,1.0
682,1,2,-1,0.0
683,3,3,0,1.0
684,8,7,1,1.0
685,0,0,0,1.0
686,5,1,4,1.0
687,18,19,-1,0.0
688,1,1,0,1.0
689,12,12,0,1.0
690,2,1,1,1.0
691,11,6,5,1.0
692,4,3,1,1.0
693,1,3,-2,0.0
694,14,13,1,1.0
695,7,6,1,1.0
696,2,1,1,1.0
697,7,4,3,1.0
698,3,5,-2,0.0
699,0,1,-1,0.0
700,2,5,-3,0.0
701,7,3,4,1.0
702,11,7,4,1.0
703,5,5,0,1.0
704,8,4,4,1.0
705,6,6,0,1.0
706,2,1,1,1.0
707,9,0,9,1.0
708,9,2,7,1.0
709,3,3,0,1.0
710,12,6,6,1.0
711,1,0,1,1.0
712,12,12,0,1.0
713,8,9,-1,0.0
714,9,11,-2,0.0
715,4,5,-1,0.0
716,11,9,2,1.0
717,17,14,3,1.0
718,12,8,4,1.0
719,7,8,-1,0.0
720,9,6,3,1.0
721,21,23,-2,0.0
722,3,1,2,1.0
723,3,7,-4,0.0
724,7,8,-1,0.0
725,4,5,-1,0.0
726,4,3,1,1.0
727,5,11,-6,0.0
728,13,16,-3,0.0
729,10,10,0,1.0
730,0,0,0,1.0
731,3,2,1,1.0
732,4,5,-1,0.0
733,12,9,3,1.0
734,3,2,1,1.0
735,0,0,0,1.0
736,6,7,-1,0.0
737,12,20,-8,0.0
738,4,4,0,1.0
739,23,20,3,1.0
740,3,5,-2,0.0
741,12,16,-4,0.0
742,8,4,4,1.0
743,0,1,-1,0.0
744,0,0,0,1.0
745,10,7,3,1.0
746,0,1,-1,0.0
747,7,12,-5,0.0
748,12,5,7,1.0
749,7,6,1,1.0
750,2,4,-2,0.0
751,11,5,6,1.0
752,2,3,-1,0.0
753,0,0,0,1.0
754,35,20,15,1.0
755,6,3,3,1.0
756,1,1,0,1.0
757,4,3,1,1.0
758,0,2,-2,0.0
759,1,0,1,1.0
760,5,5,0,1.0
761,23,30,-7,0.0
762,3,2,1,1.0
763,1,0,1,1.0
764,24,24,0,1.0
765,1,3,-2,0.0
766,17,8,9,1.0
767,13,12,1,1.0
768,5,3,2,1.0
769,11,6,5,1.0
770,8,4,4,1.0
771,3,2,1,1.0
772,9,6,3,1.0
773,9,5,4,1.0
774,9,8,1,1.0
775,9,7,2,1.0
776,4,6,-2,0.0
777,10,6,4,1.0
778,3,1,2,1.0
779,16,11,5,1.0
780,5,1,4,1.0
781,11,13,-2,0.0
782,11,12,-1,0.0
783,24,21,3,1.0
784,7,4,3,1.0
785,4,2,2,1.0
786,6,3,3,1.0
787,19,6,13,1.0
788,3,1,2,1.0
789,5,4,1,1.0
790,8,1,7,1.0
791,2,9,-7,0.0
792,5,0,5,1.0
793,32,16,16,1.0
794,8,1,7,1.0
795,1,1,0,1.0
796,1,1,0,1.0
797,1,0,1,1.0
798,3,2,1,1.0
799,6,9,-3,0.0
800,6,7,-1,0.0
801,3,7,-4,0.0
802,5,2,3,1.0
803,5,2,3,1.0
804,12,4,8,1.0
805,1,2,-1,0.0
806,1,0,1,1.0
807,10,12,-2,0.0
808,4,0,4,1.0
809,9,5,4,1.0
810,0,3,-3,0.0
811,3,2,1,1.0
812,11,14,-3,0.0
813,18,11,7,1.0
814,13,16,-3,0.0
815,2,1,1,1.0
816,11,8,3,1.0
817,15,12,3,1.0
818,7,7,0,1.0
819,4,1,3,1.0
820,6,2,4,1.0
821,0,0,0,1.0
822,2,1,1,1.0
823,0,0,0,1.0
824,0,0,0,1.0
825,9,2,7,1.0
826,14,9,5,1.0
827,1,0,1,1.0
828,1,1,0,1.0
829,9,13,-4,0.0
830,8,5,3,1.0
831,2,0,2,1.0
832,14,18,-4,0.0
833,1,0,1,1.0
834,18,30,-12,0.0
835,30,43,-13,0.0
836,0,1,-1,0.0
837,9,6,3,1.0
838,11,10,1,1.0
839,11,7,4,1.0
840,9,8,1,1.0
841,0,5,-5,0.0
842,15,3,12,1.0
843,7,2,5,1.0
844,6,4,2,1.0
845,5,2,3,1.0
846,3,1,2,1.0
847,5,2,3,1.0
848,1,0,1,1.0
849,13,14,-1,0.0
850,4,2,2,1.0
851,4,0,4,1.0
852,12,5,7,1.0
853,2,14,-12,0.0
854,4,3,1,1.0
855,6,3,3,1.0
856,19,19,0,1.0
857,8,13,-5,0.0
858,21,25,-4,0.0
859,5,11,-6,0.0
860,0,1,-1,0.0
861,9,12,-3,0.0
862,8,11,-3,0.0
863,10,2,8,1.0
864,5,6,-1,0.0
865,2,2,0,1.0
866,2,2,0,1.0
867,7,6,1,1.0
868,5,3,2,1.0
869,5,3,2,1.0
870,7,4,3,1.0
871,6,0,6,1.0
872,6,6,0,1.0
873,5,0,5,1.0
874,0,0,0,1.0
875,3,2,1,1.0
876,4,2,2,1.0
877,2,1,1,1.0
878,5,3,2,1.0
879,1,1,0,1.0
880,0,0,0,1.0
881,8,4,4,1.0
882,7,4,3,1.0
883,23,20,3,1.0
884,3,1,2,1.0
885,5,11,-6,0.0
886,5,5,0,1.0
887,4,2,2,1.0
888,6,1,5,1.0
889,1,2,-1,0.0
890,10,7,3,1.0
891,0,0,0,1.0
892,5,1,4,1.0
893,6,4,2,1.0
894,1,0,1,1.0
895,4,1,3,1.0
896,1,3,-2,0.0
897,8,5,3,1.0
898,10,8,2,1.0
899,11,7,4,1.0
900,1,2,-1,0.0
901,5,0,5,1.0
902,2,0,2,1.0
903,2,1,1,1.0
904,2,1,1,1.0
905,5,0,5,1.0
906,2,1,1,1.0
907,0,1,-1,0.0
908,3,2,1,1.0
909,12,15,-3,0.0
910,6,8,-2,0.0
911,3,0,3,1.0
912,0,0,0,1.0
913,2,6,-4,0.0
914,6,2,4,1.0
915,7,3,4,1.0
916,13,10,3,1.0
917,1,0,1,1.0
918,4,5,-1,0.0
919,1,2,-1,0.0
920,4,2,2,1.0
921,9,2,7,1.0
922,5,4,1,1.0
923,14,18,-4,0.0
924,3,0,3,1.0
925,0,1,-1,0.0
926,8,5,3,1.0
927,4,7,-3,0.0
928,2,1,1,1.0
929,3,4,-1,0.0
930,13,10,3,1.0
931,5,10,-5,0.0
932,6,3,3,1.0
933,7,5,2,1.0
934,1,0,1,1.0
935,1,3,-2,0.0
936,11,2,9,1.0
937,4,4,0,1.0
938,7,11,-4,0.0
939,9,14,-5,0.0
940,1,0,1,1.0
941,3,0,3,1.0
942,4,0,4,1.0
943,2,0,2,1.0
944,9,16,-7,0.0
945,0,1,-1,0.0
946,0,0,0,1.0
947,21,15,6,1.0
948,0,0,0,1.0
949,1,1,0,1.0
950,2,2,0,1.0
951,0,2,-2,0.0
952,12,6,6,1.0
953,4,6,-2,0.0
954,9,7,2,1.0
955,0,3,-3,0.0
956,16,10,6,1.0
957,6,3,3,1.0
958,16,10,6,1.0
959,5,1,4,1.0
960,5,2,3,1.0
961,4,4,0,1.0
962,1,1,0,1.0
963,3,0,3,1.0
964,11,6,5,1.0
965,0,1,-1,0.0
966,5,5,0,1.0
967,3,2,1,1.0
968,13,9,4,1.0
969,1,1,0,1.0
970,4,3,1,1.0
971,8,1,7,1.0
972,5,2,3,1.0
973,11,6,5,1.0
974,13,8,5,1.0
975,1,4,-3,0.0
976,18,13,5,1.0
977,0,5,-5,0.0
978,7,4,3,1.0
979,17,15,2,1.0
980,18,20,-2,0.0
981,2,6,-4,0.0
982,10,7,3,1.0
983,26,35,-9,0.0
984,9,11,-2,0.0
985,8,2,6,1.0
986,12,8,4,1.0
987,11,7,4,1.0
988,3,16,-13,0.0
989,3,2,1,1.0
990,4,0,4,1.0
991,10,13,-3,0.0
992,9,11,-2,0.0
993,2,1,1,1.0
994,15,9,6,1.0
995,15,9,6,1.0
996,9,10,-1,0.0
997,2,9,-7,0.0
998,7,4,3,1.0
999,10,8,2,1.0
1000,7,7,0,1.0
1001,15,11,4,1.0
1002,0,2,-2,0.0
1003,8,9,-1,0.0
1004,0,3,-3,0.0
1005,1,0,1,1.0
1006,9,2,7,1.0
1007,12,7,5,1.0
1008,0,0,0,1.0
1009,11,3,8,1.0
1010,10,8,2,1.0
1011,8,10,-2,0.0
1012,14,9,5,1.0
1013,5,4,1,1.0
1014,1,1,0,1.0
1015,18,12,6,1.0
1016,2,0,2,1.0
1017,8,12,-4,0.0
1018,3,1,2,1.0
1019,8,12,-4,0.0
1020,4,8,-4,0.0
1021,18,10,8,1.0
1022,0,0,0,1.0
1023,2,3,-1,0.0
1024,5,6,-1,0.0
1025,1,3,-2,0.0
1026,2,4,-2,0.0
1027,11,6,5,1.0
1028,11,18,-7,0.0
1029,14,6,8,1.0
1030,1,4,-3,0.0
1031,0,2,-2,0.0
1032,6,4,2,1.0
1033,1,2,-1,0.0
1034,7,1,6,1.0
1035,15,11,4,1.0
1036,1,0,1,1.0
1037,6,4,2,1.0
1038,3,9,-6,0.0
1039,5,8,-3,0.0
1040,16,13,3,1.0
1041,3,4,-1,0.0
1042,3,1,2,1.0
1043,2,0,2,1.0
1044,23,14,9,1.0
1045,0,0,0,1.0
1046,0,1,-1,0.0
1047,1,0,1,1.0
1048,5,11,-6,0.0
1049,6,4,2,1.0
1050,11,8,3,1.0
1051,3,2,1,1.0
1052,2,2,0,1.0
1053,0,0,0,1.0
1054,15,10,5,1.0
1055,9,9,0,1.0
1056,4,0,4,1.0
1057,15,16,-1,0.0
1058,4,6,-2,0.0
1059,5,5,0,1.0
1060,12,9,3,1.0
1061,4,1,3,1.0
1062,6,3,3,1.0
1063,6,9,-3,0.0
1064,7,6,1,1.0
1065,1,0,1,1.0
1066,13,5,8,1.0
1067,12,23,-11,0.0
1068,3,6,-3,0.0
1069,9,7,2,1.0
1070,3,1,2,1.0
1071,0,0,0,1.0
1072,0,0,0,1.0
1073,5,5,0,1.0
1074,4,9,-5,0.0
1075,7,11,-4,0.0
1076,3,0,3,1.0
1077,2,0,2,1.0
1078,6,6,0,1.0
1079,8,10,-2,0.0
1080,13,7,6,1.0
1081,3,5,-2,0.0
1082,11,8,3,1.0
1083,11,6,5,1.0
1084,0,1,-1,0.0
1085,8,12,-4,0.0
1086,0,1,-1,0.0
1087,24,30,-6,0.0
1088,11,9,2,1.0
1089,6,10,-4,0.0
1090,21,23,-2,0.0
1091,14,15,-1,0.0
1092,7,13,-6,0.0
1093,6,8,-2,0.0
1094,10,19,-9,0.0
1095,4,10,-6,0.0
1096,9,14,-5,0.0
1097,1,2,-1,0.0
1098,3,11,-8,0.0
1099,5,11,-6,0.0
1100,13,8,5,1.0
1101,3,3,0,1.0
1102,10,11,-1,0.0
1103,11,10,1,1.0
1104,1,0,1,1.0
1105,5,7,-2,0.0
1106,1,0,1,1.0
1107,19,10,9,1.0
1108,10,7,3,1.0
1109,31,28,3,1.0
1110,10,3,7,1.0
1111,19,23,-4,0.0
1112,23,19,4,1.0
1113,2,0,2,1.0
1114,2,3,-1,0.0
1115,19,17,2,1.0
1116,9,2,7,1.0
1117,2,0,2,1.0
1118,0,0,0,1.0
1119,8,10,-2,0.0
1120,2,3,-1,0.0
1121,7,0,7,1.0
1122,13,8,5,1.0
1123,10,2,8,1.0
1124,0,0,0,1.0
1125,5,9,-4,0.0
1126,12,9,3,1.0
1127,5,1,4,1.0
1128,17,13,4,1.0
1129,9,3,6,1.0
1130,4,2,2,1.0
1131,2,0,2,1.0
1132,3,4,-1,0.0
1133,1,2,-1,0.0
1134,6,1,5,1.0
1135,2,1,1,1.0
1136,6,5,1,1.0
1137,8,15,-7,0.0
1138,0,0,0,1.0
1139,5,5,0,1.0
1140,0,1,-1,0.0
1141,1,0,1,1.0
1142,11,19,-8,0.0
1143,1,4,-3,0.0
1144,0,0,0,1.0
1145,7,7,0,1.0
1146,9,6,3,1.0
1147,8,8,0,1.0
1148,2,2,0,1.0
1149,1,2,-1,0.0
1150,4,1,3,1.0
1151,6,9,-3,0.0
1152,2,5,-3,0.0
1153,1,0,1,1.0
1154,9,5,4,1.0
1155,2,3,-1,0.0
1156,4,6,-2,0.0
1157,6,10,-4,0.0
1158,14,15,-1,0.0
1159,5,2,3,1.0
1160,4,3,1,1.0
1161,2,3,-1,0.0
1162,10,14,-4,0.0
1163,4,3,1,1.0
1164,4,4,0,1.0
1165,12,21,-9,0.0
1166,7,11,-4,0.0
1167,10,7,3,1.0
1168,2,1,1,1.0
1169,0,1,-1,0.0
1170,1,0,1,1.0
1171,2,2,0,1.0
1172,1,1,0,1.0
1173,1,0,1,1.0
1174,1,3,-2,0.0
1175,8,7,1,1.0
1176,2,1,1,1.0
1177,7,7,0,1.0
1178,9,10,-1,0.0
1179,15,10,5,1.0
1180,13,10,3,1.0
1181,8,5,3,1.0
1182,8,11,-3,0.0
1183,8,9,-1,0.0
1184,9,3,6,1.0
1185,6,3,3,1.0
1186,5,4,1,1.0
1187,1,2,-1,0.0
1188,0,1,-1,0.0
1189,8,9,-1,0.0
1190,7,5,2,1.0
1191,7,5,2,1.0
1192,6,3,3,1.0
1193,1,1,0,1.0
1194,22,8,14,1.0
1195,5,0,5,1.0
1196,18,23,-5,0.0
1197,4,5,-1,0.0
1198,5,1,4,1.0
1199,10,10,0,1.0
1200,5,1,4,1.0
1201,5,5,0,1.0
1202,9,2,7,1.0
1203,6,6,0,1.0
1204,8,9,-1,0.0
1205,0,2,-2,0.0
1206,2,2,0,1.0
1207,13,3,10,1.0
1208,3,3,0,1.0
1209,0,0,0,1.0
1210,17,13,4,1.0
1211,2,3,-1,0.0
1212,10,7,3,1.0
1213,11,22,-11,0.0
1214,4,4,0,1.0
1215,0,2,-2,0.0
1216,11,15,-4,0.0
1217,6,4,2,1.0
1218,7,4,3,1.0
1219,2,1,1,1.0
1220,9,4,5,1.0
1221,8,6,2,1.0
1222,3,2,1,1.0
1223,4,2,2,1.0
1224,10,5,5,1.0
1225,2,1,1,1.0
1226,0,1,-1,0.0
1227,3,5,-2,0.0
1228,2,3,-1,0.0
1229,2,1,1,1.0
1230,2,0,2,1.0
1231,14,6,8,1.0
1232,10,12,-2,0.0
1233,8,5,3,1.0
1234,9,5,4,1.0
1235,11,21,-10,0.0
1236,3,0,3,1.0
1237,9,0,9,1.0
1238,10,4,6,1.0
1239,1,0,1,1.0
1240,2,3,-1,0.0
1241,7,8,-1,0.0
1242,13,6,7,1.0
1243,4,2,2,1.0
1244,0,1,-1,0.0
1245,8,5,3,1.0
1246,0,1,-1,0.0
1247,18,6,12,1.0
1248,12,9,3,1.0
1249,1,1,0,1.0
1250,4,4,0,1.0
1251,5,7,-2,0.0
1252,11,3,8,1.0
1253,3,6,-3,0.0
1254,3,0,3,1.0
1255,13,19,-6,0.0
1256,5,5,0,1.0
1257,5,11,-6,0.0
1258,2,6,-4,0.0
1259,6,1,5,1.0
1260,12,4,8,1.0
1261,5,3,2,1.0
1262,4,4,0,1.0
1263,4,5,-1,0.0
1264,1,1,0,1.0
1265,1,1,0,1.0
1266,9,10,-1,0.0
1267,11,4,7,1.0
1268,7,13,-6,0.0
1269,31,20,11,1.0
1270,6,8,-2,0.0
1271,2,5,-3,0.0
1272,19,16,3,1.0
1273,0,0,0,1.0
1274,10,8,2,1.0
1275,2,0,2,1.0
1276,3,2,1,1.0
1277,4,0,4,1.0
1278,9,8,1,1.0
1279,1,2,-1,0.0
1280,10,15,-5,0.0
1281,10,27,-17,0.0
1282,3,6,-3,0.0
1283,17,6,11,1.0
1284,14,8,6,1.0
1285,15,9,6,1.0
1286,5,8,-3,0.0
1287,4,3,1,1.0
1288,7,5,2,1.0
1289,24,36,-12,0.0
1290,2,1,1,1.0
1291,9,5,4,1.0
1292,0,0,0,1.0
1293,23,23,0,1.0
1294,19,7,12,1.0
1295,9,3,6,1.0
1296,10,6,4,1.0
1297,7,5,2,1.0
1298,4,1,3,1.0
1299,3,3,0,1.0
1300,30,19,11,1.0
1301,6,8,-2,0.0
1302,6,2,4,1.0
1303,13,11,2,1.0
1304,15,8,7,1.0
1305,0,1,-1,0.0
1306,9,8,1,1.0
1307,9,15,-6,0.0
1308,5,5,0,1.0
1309,6,1,5,1.0
1310,10,8,2,1.0
1311,2,1,1,1.0
1312,12,13,-1,0.0
1313,18,18,0,1.0
1314,9,6,3,1.0
1315,11,3,8,1.0
1316,28,27,1,1.0
1317,3,5,-2,0.0
1318,10,8,2,1.0
1319,2,3,-1,0.0
1320,9,7,2,1.0
1321,7,10,-3,0.0
1322,5,5,0,1.0
1323,8,7,1,1.0
1324,10,3,7,1.0
1325,16,20,-4,0.0
1326,6,2,4,1.0
1327,9,6,3,1.0
1328,16,5,11,1.0
1329,11,11,0,1.0
1330,36,24,12,1.0
1331,10,9,1,1.0
1332,3,5,-2,0.0
1333,20,23,-3,0.0
1334,3,2,1,1.0
1335,16,11,5,1.0
1336,12,20,-8,0.0
1337,0,0,0,1.0
1338,7,8,-1,0.0
1339,15,15,0,1.0
1340,11,9,2,1.0
1341,2,2,0,1.0
1342,14,9,5,1.0
1343,9,11,-2,0.0
1344,5,3,2,1.0
1345,6,6,0,1.0
1346,13,19,-6,0.0
1347,11,6,5,1.0
1348,8,8,0,1.0
1349,1,2,-1,0.0
1350,7,8,-1,0.0
1351,5,9,-4,0.0
1352,1,0,1,1.0
1353,3,4,-1,0.0
1354,9,6,3,1.0
1355,1,3,-2,0.0
1356,1,2,-1,0.0
1357,0,0,0,1.0
1358,2,0,2,1.0
1359,5,5,0,1.0
1360,4,2,2,1.0
1361,5,3,2,1.0
1362,5,1,4,1.0
1363,4,3,1,1.0
1364,12,3,9,1.0
1365,9,5,4,1.0
1366,22,29,-7,0.0
1367,28,22,6,1.0
1368,3,5,-2,0.0
1369,6,2,4,1.0
1370,0,0,0,1.0
1371,8,9,-1,0.0
1372,27,20,7,1.0
1373,3,4,-1,0.0
1374,4,2,2,1.0
1375,3,2,1,1.0
1376,1,2,-1,0.0
1377,13,8,5,1.0
1378,7,3,4,1.0
1379,15,13,2,1.0
1380,0,1,-1,0.0
1381,7,5,2,1.0
1382,0,1,-1,0.0
1383,1,0,1,1.0
1384,6,4,2,1.0
1385,8,7,1,1.0
1386,2,0,2,1.0
1387,0,0,0,1.0
1388,5,6,-1,0.0
1389,4,3,1,1.0
1390,2,4,-2,0.0
1391,11,8,3,1.0
1392,8,10,-2,0.0
1393,4,7,-3,0.0
1394,9,12,-3,0.0
1395,6,2,4,1.0
1396,12,4,8,1.0
1397,10,8,2,1.0
1398,0,2,-2,0.0
1399,14,12,2,1.0
1400,9,5,4,1.0
1401,5,5,0,1.0
1402,11,10,1,1.0
1403,6,4,2,1.0
1404,6,4,2,1.0
1405,5,2,3,1.0
1406,11,4,7,1.0
1407,1,0,1,1.0
1408,0,2,-2,0.0
1409,18,12,6,1.0
1410,2,0,2,1.0
1411,1,5,-4,0.0
1412,6,5,1,1.0
1413,9,6,3,1.0
1414,8,6,2,1.0
1415,14,7,7,1.0
1416,13,9,4,1.0
1417,9,3,6,1.0
1418,4,3,1,1.0
1419,3,6,-3,0.0
1420,5,4,1,1.0
1421,16,2,14,1.0
1422,2,1,1,1.0
1423,5,7,-2,0.0
1424,2,6,-4,0.0
1425,16,13,3,1.0
1426,6,2,4,1.0
1427,7,3,4,1.0
1428,5,5,0,1.0
1429,8,9,-1,0.0
1430,9,11,-2,0.0
1431,4,6,-2,0.0
1432,13,20,-7,0.0
1433,5,8,-3,0.0
1434,1,1,0,1.0
1435,1,0,1,1.0
1436,1,0,1,1.0
1437,2,0,2,1.0
1438,7,5,2,1.0
1439,1,0,1,1.0
1440,3,2,1,1.0
1441,8,5,3,1.0
1442,7,10,-3,0.0
1443,7,3,4,1.0
1444,7,7,0,1.0
1445,11,7,4,1.0
1446,8,5,3,1.0
1447,15,14,1,1.0
1448,1,0,1,1.0
1449,1,3,-2,0.0
1450,0,1,-1,0.0
1451,7,5,2,1.0
1452,3,6,-3,0.0
1453,0,0,0,1.0
1454,4,2,2,1.0
1455,2,1,1,1.0
1456,2,3,-1,0.0
1457,1,3,-2,0.0
1458,5,6,-1,0.0
1459,2,0,2,1.0
1460,2,3,-1,0.0
1461,4,0,4,1.0
1462,3,8,-5,0.0
1463,5,6,-1,0.0
1464,9,5,4,1.0
1465,2,2,0,1.0
1466,31,28,3,1.0
1467,13,14,-1,0.0
1468,5,11,-6,0.0
1469,6,12,-6,0.0
1470,0,0,0,1.0
1471,4,1,3,1.0
1472,14,17,-3,0.0
1473,1,2,-1,0.0
1474,12,13,-1,0.0
1475,9,7,2,1.0
1476,9,14,-5,0.0
1477,20,13,7,1.0
1478,8,9,-1,0.0
1479,13,6,7,1.0
1480,41,48,-7,0.0
1481,7,3,4,1.0
1482,14,9,5,1.0
1483,6,4,2,1.0
1484,8,11,-3,0.0
1485,7,9,-2,0.0
1486,12,15,-3,0.0
1487,16,20,-4,0.0
1488,7,7,0,1.0
1489,13,14,-1,0.0
1490,12,18,-6,0.0
1491,12,6,6,1.0
1492,16,10,6,1.0
1493,6,11,-5,0.0
1494,5,6,-1,0.0
1495,7,12,-5,0.0
1496,6,5,1,1.0
1497,0,0,0,1.0
1498,11,11,0,1.0
1499,1,0,1,1.0
1500,7,6,1,1.0
1501,10,16,-6,0.0
1502,5,5,0,1.0
1503,13,12,1,1.0
1504,7,10,-3,0.0
1505,10,2,8,1.0
1506,13,19,-6,0.0
1507,10,4,6,1.0
1508,10,7,3,1.0
1509,6,4,2,1.0
1510,5,3,2,1.0
1511,15,16,-1,0.0
1512,10,7,3,1.0
1513,6,6,0,1.0
1514,12,14,-2,0.0
1515,6,5,1,1.0
1516,16,9,7,1.0
1517,1,5,-4,0.0
1518,9,7,2,1.0
1519,12,5,7,1.0
1520,13,11,2,1.0
1521,5,6,-1,0.0
1522,4,2,2,1.0
1523,3,3,0,1.0
1524,2,0,2,1.0
1525,14,19,-5,0.0
1526,9,9,0,1.0
1527,10,7,3,1.0
1528,10,12,-2,0.0
1529,10,16,-6,0.0
1530,10,7,3,1.0
1531,20,19,1,1.0
1532,3,9,-6,0.0
1533,4,1,3,1.0
1534,20,14,6,1.0
1535,2,2,0,1.0
1536,20,12,8,1.0
1537,3,2,1,1.0
1538,1,2,-1,0.0
1539,5,10,-5,0.0
1540,14,13,1,1.0
1541,15,9,6,1.0
1542,13,7,6,1.0
1543,10,9,1,1.0
1544,18,9,9,1.0
1545,1,0,1,1.0
1546,8,7,1,1.0
1547,7,12,-5,0.0
1548,1,4,-3,0.0
1549,1,4,-3,0.0
1550,3,2,1,1.0
1551,0,0,0,1.0
1552,15,11,4,1.0
1553,10,8,2,1.0
1554,4,2,2,1.0
1555,8,12,-4,0.0
1556,15,21,-6,0.0
1557,7,11,-4,0.0
1558,12,26,-14,0.0
1559,5,6,-1,0.0
1560,10,11,-1,0.0
1561,21,17,4,1.0
1562,1,4,-3,0.0
1563,9,12,-3,0.0
1564,12,10,2,1.0
1565,17,4,13,1.0
1566,3,2,1,1.0
1567,5,11,-6,0.0
1568,2,3,-1,0.0
1569,14,15,-1,0.0
1570,8,7,1,1.0
1571,8,13,-5,0.0
1572,12,12,0,1.0
1573,3,8,-5,0.0
1574,5,5,0,1.0
1575,3,2,1,1.0
1576,12,14,-2,0.0
1577,2,6,-4,0.0
1578,11,14,-3,0.0
1579,1,0,1,1.0
1580,15,15,0,1.0
1581,9,10,-1,0.0
1582,3,2,1,1.0
1583,17,15,2,1.0
1584,6,1,5,1.0
1585,11,5,6,1.0
1586,8,6,2,1.0
1587,0,0,0,1.0
1588,8,3,5,1.0
1589,9,4,5,1.0
1590,13,19,-6,0.0
1591,13,14,-1,0.0
1592,16,24,-8,0.0
1593,26,37,-11,0.0
1594,10,8,2,1.0
1595,16,21,-5,0.0
1596,13,9,4,1.0
1597,6,5,1,1.0
1598,8,3,5,1.0
1599,3,3,0,1.0
1600,10,13,-3,0.0
1601,5,4,1,1.0
1602,0,1,-1,0.0
1603,0,0,0,1.0
1604,7,3,4,1.0
1605,11,16,-5,0.0
1606,3,2,1,1.0
1607,9,9,0,1.0
1608,6,9,-3,0.0
1609,6,4,2,1.0
1610,12,11,1,1.0
1611,7,5,2,1.0
1612,2,2,0,1.0
1613,8,16,-8,0.0
1614,9,11,-2,0.0
1615,12,11,1,1.0
1616,8,13,-5,0.0
1617,3,8,-5,0.0
1618,14,10,4,1.0
1619,7,6,1,1.0
1620,3,2,1,1.0
1621,5,4,1,1.0
1622,8,9,-1,0.0
1623,3,6,-3,0.0
1624,1,2,-1,0.0
1625,21,18,3,1.0
1626,15,10,5,1.0
1627,8,9,-1,0.0
1628,14,4,10,1.0
1629,36,36,0,1.0
1630,5,5,0,1.0
1631,1,2,-1,0.0
1632,8,12,-4,0.0
1633,3,6,-3,0.0
1634,8,12,-4,0.0
1635,11,11,0,1.0
1636,3,3,0,1.0
1637,0,2,-2,0.0
1638,11,11,0,1.0
1639,0,0,0,1.0
1640,2,3,-1,0.0
1641,15,23,-8,0.0
1642,12,16,-4,0.0
1643,18,18,0,1.0
1644,23,19,4,1.0
1645,5,11,-6,0.0
1646,8,6,2,1.0
1647,1,1,0,1.0
1648,15,14,1,1.0
1649,3,2,1,1.0
1650,0,1,-1,0.0
1651,3,2,1,1.0
1652,8,12,-4,0.0
1653,1,2,-1,0.0
1654,2,2,0,1.0
1655,28,15,13,1.0
1656,9,7,2,1.0
1657,1,6,-5,0.0
1658,1,1,0,1.0
1659,15,27,-12,0.0
1660,6,6,0,1.0
1661,2,8,-6,0.0
1662,13,12,1,1.0
1663,6,7,-1,0.0
1664,10,7,3,1.0
1665,21,23,-2,0.0
1666,11,5,6,1.0
1667,3,6,-3,0.0
1668,12,21,-9,0.0
1669,19,24,-5,0.0
1670,3,1,2,1.0
1671,2,0,2,1.0
1672,5,11,-6,0.0
1673,11,10,1,1.0
1674,5,2,3,1.0
1675,19,14,5,1.0
1676,5,2,3,1.0
1677,9,5,4,1.0
1678,9,15,-6,0.0
1679,5,5,0,1.0
1680,2,2,0,1.0
1681,1,2,-1,0.0
1682,3,3,0,1.0
1683,7,6,1,1.0
1684,14,12,2,1.0
1685,2,7,-5,0.0
1686,0,0,0,1.0
1687,2,1,1,1.0
1688,11,15,-4,0.0
1689,7,9,-2,0.0
1690,19,11,8,1.0
1691,3,13,-10,0.0
1692,7,11,-4,0.0
1693,6,5,1,1.0
1694,5,10,-5,0.0
1695,6,5,1,1.0
1696,11,5,6,1.0
1697,4,8,-4,0.0
1698,16,13,3,1.0
1699,9,11,-2,0.0
1700,12,21,-9,0.0
1701,3,2,1,1.0
1702,1,2,-1,0.0
1703,23,24,-1,0.0
1704,13,14,-1,0.0
1705,7,15,-8,0.0
1706,5,3,2,1.0
1707,0,2,-2,0.0
1708,10,10,0,1.0
1709,9,8,1,1.0
1710,6,3,3,1.0
1711,2,0,2,1.0
1712,13,11,2,1.0
1713,9,9,0,1.0
1714,6,5,1,1.0
1715,12,14,-2,0.0
1716,16,10,6,1.0
1717,6,7,-1,0.0
1718,1,1,0,1.0
1719,16,10,6,1.0
1720,11,5,6,1.0
1721,9,7,2,1.0
1722,1,4,-3,0.0
1723,20,15,5,1.0
1724,1,2,-1,0.0
1725,4,9,-5,0.0
1726,28,24,4,1.0
1727,0,0,0,1.0
1728,3,2,1,1.0
1729,0,1,-1,0.0
1730,29,41,-12,0.0
1731,14,10,4,1.0
1732,4,2,2,1.0
1733,16,7,9,1.0
1734,11,6,5,1.0
1735,8,8,0,1.0
1736,10,6,4,1.0
1737,36,16,20,1.0
1738,4,2,2,1.0
1739,6,17,-11,0.0
1740,4,4,0,1.0
1741,36,16,20,1.0
1742,5,3,2,1.0
1743,5,8,-3,0.0
1744,2,6,-4,0.0
1745,7,6,1,1.0
1746,7,8,-1,0.0
1747,8,9,-1,0.0
1748,3,0,3,1.0
1749,16,7,9,1.0
1750,1,3,-2,0.0
1751,5,11,-6,0.0
1752,0,0,0,1.0
1753,8,7,1,1.0
1754,14,15,-1,0.0
1755,0,0,0,1.0
1756,16,18,-2,0.0
1757,2,6,-4,0.0
1758,1,2,-1,0.0
1759,7,3,4,1.0
1760,5,4,1,1.0
1761,8,13,-5,0.0
1762,0,1,-1,0.0
1763,2,2,0,1.0
1764,6,5,1,1.0
1765,1,4,-3,0.0
1766,3,4,-1,0.0
1767,5,4,1,1.0
1768,7,6,1,1.0
1769,1,7,-6,0.0
1770,0,2,-2,0.0
1771,45,41,4,1.0
1772,12,8,4,1.0
1773,4,0,4,1.0
1774,0,3,-3,0.0
1775,8,15,-7,0.0
1776,3,1,2,1.0
1777,23,20,3,1.0
1778,6,4,2,1.0
1779,9,14,-5,0.0
1780,33,16,17,1.0
1781,14,24,-10,0.0
1782,4,6,-2,0.0
1783,0,2,-2,0.0
1784,5,1,4,1.0
1785,10,7,3,1.0
1786,5,3,2,1.0
1787,2,4,-2,0.0
1788,7,6,1,1.0
1789,6,4,2,1.0
1790,0,2,-2,0.0
1791,5,10,-5,0.0
1792,0,0,0,1.0
1793,0,0,0,1.0
1794,3,3,0,1.0
1795,4,6,-2,0.0
1796,10,13,-3,0.0
1797,0,0,0,1.0
1798,12,7,5,1.0
1799,23,24,-1,0.0
1800,29,18,11,1.0
1801,7,3,4,1.0
1802,2,0,2,1.0
1803,6,7,-1,0.0
1804,3,1,2,1.0
1805,2,1,1,1.0
1806,29,17,12,1.0
1807,9,11,-2,0.0
1808,5,4,1,1.0
1809,3,6,-3,0.0
1810,1,0,1,1.0
1811,5,0,5,1.0
1812,5,5,0,1.0
1813,10,2,8,1.0
1814,2,1,1,1.0
1815,16,7,9,1.0
1816,1,1,0,1.0
1817,0,1,-1,0.0
1818,9,14,-5,0.0
1819,9,4,5,1.0
1820,1,0,1,1.0
1821,5,0,5,1.0
1822,2,0,2,1.0
1823,16,19,-3,0.0
1824,1,3,-2,0.0
1825,3,2,1,1.0
1826,5,7,-2,0.0
1827,6,5,1,1.0
1828,5,2,3,1.0
1829,4,2,2,1.0
1830,1,2,-1,0.0
1831,2,4,-2,0.0
1832,0,2,-2,0.0
1833,0,0,0,1.0
1834,4,2,2,1.0
1835,7,5,2,1.0
1836,3,1,2,1.0
1837,0,0,0,1.0
1838,1,2,-1,0.0
1839,0,1,-1,0.0
1840,11,7,4,1.0
1841,3,1,2,1.0
1842,4,5,-1,0.0
1843,1,2,-1,0.0
1844,1,9,-8,0.0
1845,12,7,5,1.0
1846,1,1,0,1.0
1847,3,6,-3,0.0
1848,0,1,-1,0.0
1849,2,0,2,1.0
1850,4,3,1,1.0
1851,1,1,0,1.0
1852,11,19,-8,0.0
1853,5,2,3,1.0
1854,11,8,3,1.0
1855,0,1,-1,0.0
1856,0,0,0,1.0
1857,2,2,0,1.0
1858,8,10,-2,0.0
1859,3,4,-1,0.0
1860,0,1,-1,0.0
1861,0,3,-3,0.0
1862,6,0,6,1.0
1863,6,1,5,1.0
1864,11,7,4,1.0
1865,2,2,0,1.0
1866,13,13,0,1.0
1867,9,3,6,1.0
1868,2,1,1,1.0
1869,5,11,-6,0.0
1870,4,8,-4,0.0
1871,11,6,5,1.0
1872,3,4,-1,0.0
1873,1,0,1,1.0
1874,6,3,3,1.0
1875,10,5,5,1.0
1876,8,5,3,1.0
1877,3,1,2,1.0
1878,9,15,-6,0.0
1879,14,11,3,1.0
1880,1,1,0,1.0
1881,0,0,0,1.0
1882,2,0,2,1.0
1883,0,0,0,1.0
1884,0,4,-4,0.0
1885,1,2,-1,0.0
1886,1,3,-2,0.0
1887,10,1,9,1.0
1888,2,3,-1,0.0
1889,2,0,2,1.0
1890,0,1,-1,0.0
1891,17,20,-3,0.0
1892,5,5,0,1.0
1893,1,1,0,1.0
1894,3,0,3,1.0
1895,8,21,-13,0.0
1896,2,0,2,1.0
1897,13,20,-7,0.0
1898,12,5,7,1.0
1899,4,8,-4,0.0
1900,15,16,-1,0.0
1901,3,1,2,1.0
1902,17,16,1,1.0
1903,15,14,1,1.0
1904,7,7,0,1.0
1905,1,1,0,1.0
1906,5,1,4,1.0
1907,9,3,6,1.0
1908,20,41,-21,0.0
1909,10,8,2,1.0
1910,8,13,-5,0.0
1911,5,8,-3,0.0
1912,14,17,-3,0.0
1913,13,14,-1,0.0
1914,7,4,3,1.0
1915,11,6,5,1.0
1916,15,14,1,1.0
1917,1,2,-1,0.0
1918,1,2,-1,0.0
1919,16,19,-3,0.0
1920,1,2,-1,0.0
1921,19,21,-2,0.0
1922,5,4,1,1.0
1923,5,1,4,1.0
1924,1,8,-7,0.0
1925,5,2,3,1.0
1926,1,1,0,1.0
1927,3,5,-2,0.0
1928,5,10,-5,0.0
1929,0,0,0,1.0
1930,6,10,-4,0.0
1931,13,8,5,1.0
1932,13,8,5,1.0
1933,5,3,2,1.0
1934,1,0,1,1.0
1935,8,5,3,1.0
1936,6,13,-7,0.0
1937,12,11,1,1.0
1938,6,6,0,1.0
1939,5,5,0,1.0
1940,1,2,-1,0.0
1941,2,1,1,1.0
1942,1,3,-2,0.0
1943,13,8,5,1.0
1944,5,0,5,1.0
1945,3,3,0,1.0
1946,2,0,2,1.0
1947,24,36,-12,0.0
1948,6,3,3,1.0
1949,9,3,6,1.0
1950,7,7,0,1.0
1951,1,0,1,1.0
1952,15,12,3,1.0
1953,9,6,3,1.0
1954,6,4,2,1.0
1955,6,7,-1,0.0
1956,15,9,6,1.0
1957,4,3,1,1.0
1958,11,13,-2,0.0
1959,10,7,3,1.0
1960,16,20,-4,0.0
1961,4,7,-3,0.0
1962,30,18,12,1.0
1963,11,9,2,1.0
1964,5,5,0,1.0
1965,2,1,1,1.0
1966,2,1,1,1.0
1967,0,0,0,1.0
1968,4,1,3,1.0
1969,4,1,3,1.0
1970,0,2,-2,0.0
1971,10,6,4,1.0
1972,1,0,1,1.0
1973,1,2,-1,0.0
1974,15,14,1,1.0
1975,3,3,0,1.0
1976,3,1,2,1.0
1977,6,7,-1,0.0
1978,4,4,0,1.0
1979,2,0,2,1.0
1980,7,2,5,1.0
1981,3,1,2,1.0
1982,8,5,3,1.0
1983,1,2,-1,0.0
1984,2,1,1,1.0
1985,7,7,0,1.0
1986,5,11,-6,0.0
1987,7,7,0,1.0
1988,1,1,0,1.0
1989,2,0,2,1.0
1990,8,7,1,1.0
1991,21,13,8,1.0
1992,8,9,-1,0.0
1993,24,20,4,1.0
1994,1,3,-2,0.0
1995,0,0,0,1.0
1996,5,5,0,1.0
1997,3,3,0,1.0
1998,8,5,3,1.0
1999,9,15,-6,0.0
2000,0,1,-1,0.0
2001,0,1,-1,0.0
2002,2,1,1,1.0
2003,10,8,2,1.0
2004,8,5,3,1.0
2005,4,7,-3,0.0
2006,7,9,-2,0.0
2007,2,1,1,1.0
2008,1,1,0,1.0
2009,4,4,0,1.0
2010,8,3,5,1.0
2011,9,2,7,1.0
2012,4,1,3,1.0
2013,11,22,-11,0.0
2014,1,0,1,1.0
2015,8,10,-2,0.0
2016,0,2,-2,0.0
2017,13,12,1,1.0
2018,3,6,-3,0.0
2019,12,8,4,1.0
2020,27,23,4,1.0
2021,4,4,0,1.0
2022,3,1,2,1.0
2023,4,18,-14,0.0
2024,14,13,1,1.0
2025,5,8,-3,0.0
2026,16,9,7,1.0
2027,4,8,-4,0.0
2028,4,3,1,1.0
2029,5,11,-6,0.0
2030,9,15,-6,0.0
2031,4,3,1,1.0
2032,11,8,3,1.0
2033,0,0,0,1.0
2034,5,3,2,1.0
2035,5,5,0,1.0
2036,9,10,-1,0.0
2037,4,4,0,1.0
2038,0,1,-1,0.0
2039,4,7,-3,0.0
2040,5,11,-6,0.0
2041,3,1,2,1.0
2042,5,1,4,1.0
2043,10,8,2,1.0
2044,15,9,6,1.0
2045,21,17,4,1.0
2046,2,6,-4,0.0
2047,6,6,0,1.0
2048,3,3,0,1.0
2049,5,4,1,1.0
2050,15,9,6,1.0
2051,3,1,2,1.0
2052,2,6,-4,0.0
2053,38,18,20,1.0
2054,1,1,0,1.0
2055,8,3,5,1.0
2056,2,6,-4,0.0
2057,4,3,1,1.0
2058,10,11,-1,0.0
2059,11,12,-1,0.0
2060,5,3,2,1.0
2061,1,1,0,1.0
2062,4,6,-2,0.0
2063,10,9,1,1.0
2064,0,0,0,1.0
2065,0,1,-1,0.0
2066,3,9,-6,0.0
2067,5,2,3,1.0
2068,13,7,6,1.0
2069,31,46,-15,0.0
2070,12,4,8,1.0
2071,8,1,7,1.0
2072,12,9,3,1.0
2073,2,4,-2,0.0
2074,12,7,5,1.0
2075,20,15,5,1.0
2076,11,6,5,1.0
2077,38,21,17,1.0
2078,15,20,-5,0.0
2079,7,8,-1,0.0
2080,7,7,0,1.0
2081,12,18,-6,0.0
2082,17,33,-16,0.0
2083,10,6,4,1.0
2084,5,4,1,1.0
2085,28,26,2,1.0
2086,3,0,3,1.0
2087,5,7,-2,0.0
2088,1,1,0,1.0
2089,13,12,1,1.0
2090,4,6,-2,0.0
2091,7,4,3,1.0
2092,5,9,-4,0.0
2093,10,10,0,1.0
2094,5,6,-1,0.0
2095,14,12,2,1.0
2096,5,12,-7,0.0
2097,28,26,2,1.0
2098,6,3,3,1.0
2099,12,16,-4,0.0
2100,9,6,3,1.0
2101,2,5,-3,0.0
2102,3,2,1,1.0
2103,4,5,-1,0.0
2104,14,11,3,1.0
2105,9,11,-2,0.0
2106,1,4,-3,0.0
2107,9,5,4,1.0
2108,2,18,-16,0.0
2109,6,5,1,1.0
2110,8,14,-6,0.0
2111,5,3,2,1.0
2112,18,18,0,1.0
2113,7,9,-2,0.0
2114,2,0,2,1.0
2115,1,1,0,1.0
2116,5,5,0,1.0
2117,0,0,0,1.0
2118,0,0,0,1.0
2119,0,0,0,1.0
2120,3,1,2,1.0
2121,11,15,-4,0.0
2122,19,11,8,1.0
2123,5,7,-2,0.0
2124,17,24,-7,0.0
2125,3,5,-2,0.0
2126,2,2,0,1.0
2127,20,12,8,1.0
2128,9,6,3,1.0
2129,5,3,2,1.0
2130,1,0,1,1.0
2131,1,1,0,1.0
2132,3,2,1,1.0
2133,0,0,0,1.0
2134,0,0,0,1.0
2135,1,0,1,1.0
2136,29,33,-4,0.0
2137,1,0,1,1.0
2138,17,7,10,1.0
2139,7,3,4,1.0
2140,0,0,0,1.0
2141,17,17,0,1.0
2142,4,6,-2,0.0
2143,9,12,-3,0.0
2144,10,3,7,1.0
2145,2,1,1,1.0
2146,5,1,4,1.0
2147,3,2,1,1.0
2148,12,6,6,1.0
2149,1,2,-1,0.0
2150,0,0,0,1.0
2151,0,0,0,1.0
2152,6,3,3,1.0
2153,1,2,-1,0.0
2154,1,2,-1,0.0
2155,5,5,0,1.0
2156,0,1,-1,0.0
2157,5,2,3,1.0
2158,11,18,-7,0.0
2159,12,10,2,1.0
2160,8,7,1,1.0
2161,3,2,1,1.0
2162,5,6,-1,0.0
2163,9,4,5,1.0
2164,1,0,1,1.0
2165,4,9,-5,0.0
2166,6,5,1,1.0
2167,17,6,11,1.0
2168,3,6,-3,0.0
2169,13,6,7,1.0
2170,5,9,-4,0.0
2171,1,4,-3,0.0
2172,1,6,-5,0.0
2173,15,17,-2,0.0
2174,7,2,5,1.0
2175,6,5,1,1.0
2176,4,0,4,1.0
2177,3,3,0,1.0
2178,1,2,-1,0.0
2179,12,10,2,1.0
2180,2,2,0,1.0
2181,4,3,1,1.0
2182,1,0,1,1.0
2183,11,11,0,1.0
2184,9,15,-6,0.0
2185,20,7,13,1.0
2186,10,11,-1,0.0
2187,12,15,-3,0.0
2188,9,8,1,1.0
2189,15,21,-6,0.0
2190,2,9,-7,0.0
2191,1,3,-2,0.0
2192,2,3,-1,0.0
2193,0,1,-1,0.0
2194,7,12,-5,0.0
2195,11,18,-7,0.0
2196,3,6,-3,0.0
2197,1,0,1,1.0
2198,20,17,3,1.0
2199,4,0,4,1.0
2200,1,0,1,1.0
2201,5,5,0,1.0
2202,0,3,-3,0.0
2203,10,12,-2,0.0
2204,3,2,1,1.0
2205,3,7,-4,0.0
2206,21,23,-2,0.0
2207,6,2,4,1.0
2208,6,1,5,1.0
2209,3,2,1,1.0
2210,1,4,-3,0.0
2211,14,15,-1,0.0
2212,0,1,-1,0.0
2213,1,2,-1,0.0
2214,1,0,1,1.0
2215,10,4,6,1.0
2216,1,2,-1,0.0
2217,6,4,2,1.0
2218,8,4,4,1.0
2219,2,1,1,1.0
2220,9,8,1,1.0
2221,0,2,-2,0.0
2222,4,4,0,1.0
2223,6,6,0,1.0
2224,8,5,3,1.0
2225,0,0,0,1.0
2226,5,7,-2,0.0
2227,10,6,4,1.0
2228,15,8,7,1.0
2229,5,7,-2,0.0
2230,21,15,6,1.0
2231,8,2,6,1.0
2232,3,1,2,1.0
2233,2,1,1,1.0
2234,11,11,0,1.0
2235,14,12,2,1.0
2236,13,14,-1,0.0
2237,3,1,2,1.0
2238,23,22,1,1.0
2239,14,8,6,1.0
2240,2,1,1,1.0
2241,11,8,3,1.0
2242,5,2,3,1.0
2243,2,6,-4,0.0
2244,7,2,5,1.0
2245,7,4,3,1.0
2246,3,3,0,1.0
2247,9,3,6,1.0
2248,11,4,7,1.0
2249,1,5,-4,0.0
2250,19,16,3,1.0
2251,9,2,7,1.0
2252,5,9,-4,0.0
2253,13,6,7,1.0
2254,12,20,-8,0.0
2255,14,5,9,1.0
2256,7,4,3,1.0
2257,4,1,3,1.0
2258,6,6,0,1.0
2259,3,0,3,1.0
2260,9,3,6,1.0
2261,36,41,-5,0.0
2262,10,8,2,1.0
2263,11,6,5,1.0
2264,5,0,5,1.0
2265,13,15,-2,0.0
2266,4,8,-4,0.0
2267,3,5,-2,0.0
2268,1,1,0,1.0
2269,2,2,0,1.0
2270,2,4,-2,0.0
2271,6,6,0,1.0
2272,6,6,0,1.0
2273,6,9,-3,0.0
2274,6,7,-1,0.0
2275,2,3,-1,0.0
2276,11,5,6,1.0
2277,5,7,-2,0.0
2278,10,6,4,1.0
2279,2,2,0,1.0
2280,7,3,4,1.0
2281,4,1,3,1.0
2282,12,9,3,1.0
2283,4,1,3,1.0
2284,6,6,0,1.0
2285,15,6,9,1.0
2286,0,3,-3,0.0
2287,5,0,5,1.0
2288,5,1,4,1.0
2289,2,3,-1,0.0
2290,6,8,-2,0.0
2291,0,0,0,1.0
2292,5,7,-2,0.0
2293,0,2,-2,0.0
2294,3,1,2,1.0
2295,5,4,1,1.0
2296,5,4,1,1.0
2297,3,3,0,1.0
2298,5,5,0,1.0
2299,20,13,7,1.0
2300,2,2,0,1.0
2301,2,4,-2,0.0
2302,6,4,2,1.0
2303,3,3,0,1.0
2304,3,6,-3,0.0
2305,3,7,-4,0.0
2306,1,4,-3,0.0
2307,10,7,3,1.0
2308,9,15,-6,0.0
2309,16,23,-7,0.0
2310,4,2,2,1.0
2311,7,5,2,1.0
2312,3,0,3,1.0
2313,0,0,0,1.0
2314,10,9,1,1.0
2315,9,7,2,1.0
2316,0,1,-1,0.0
2317,4,1,3,1.0
2318,10,11,-1,0.0
2319,5,4,1,1.0
2320,11,4,7,1.0
2321,11,3,8,1.0
2322,9,5,4,1.0
2323,13,4,9,1.0
2324,7,5,2,1.0
2325,2,0,2,1.0
2326,5,3,2,1.0
2327,8,4,4,1.0
2328,8,11,-3,0.0
2329,5,5,0,1.0
2330,3,0,3,1.0
2331,9,4,5,1.0
2332,13,9,4,1.0
2333,5,3,2,1.0
2334,9,8,1,1.0
2335,5,7,-2,0.0
2336,1,0,1,1.0
2337,0,1,-1,0.0
2338,21,6,15,1.0
2339,0,0,0,1.0
2340,1,1,0,1.0
2341,13,11,2,1.0
2342,12,7,5,1.0
2343,9,2,7,1.0
2344,5,8,-3,0.0
2345,0,2,-2,0.0
2346,4,4,0,1.0
2347,13,7,6,1.0
2348,1,1,0,1.0
2349,2,1,1,1.0
2350,3,2,1,1.0
2351,6,1,5,1.0
2352,12,10,2,1.0
2353,1,0,1,1.0
2354,2,4,-2,0.0
2355,7,12,-5,0.0
2356,4,1,3,1.0
2357,4,2,2,1.0
2358,2,1,1,1.0
2359,7,6,1,1.0
2360,1,2,-1,0.0
2361,5,1,4,1.0
2362,1,0,1,1.0
2363,0,2,-2,0.0
2364,30,17,13,1.0
2365,2,1,1,1.0
2366,0,0,0,1.0
2367,4,1,3,1.0
2368,11,6,5,1.0
2369,12,12,0,1.0
2370,3,1,2,1.0
2371,5,4,1,1.0
2372,2,6,-4,0.0
2373,8,12,-4,0.0
2374,22,10,12,1.0
2375,2,2,0,1.0
2376,2,2,0,1.0
2377,1,2,-1,0.0
2378,4,1,3,1.0
2379,6,4,2,1.0
2380,1,3,-2,0.0
2381,13,8,5,1.0
2382,15,12,3,1.0
2383,7,7,0,1.0
2384,6,5,1,1.0
2385,3,3,0,1.0
2386,2,1,1,1.0
2387,5,0,5,1.0
2388,11,11,0,1.0
2389,12,2,10,1.0
2390,9,8,1,1.0
2391,15,8,7,1.0
2392,0,0,0,1.0
2393,0,3,-3,0.0
2394,2,3,-1,0.0
2395,11,10,1,1.0
2396,10,10,0,1.0
2397,14,9,5,1.0
2398,20,21,-1,0.0
2399,0,1,-1,0.0
2400,3,1,2,1.0
2401,9,7,2,1.0
2402,16,20,-4,0.0
2403,1,2,-1,0.0
2404,9,7,2,1.0
2405,18,8,10,1.0
2406,11,12,-1,0.0
2407,6,6,0,1.0
2408,0,1,-1,0.0
2409,0,1,-1,0.0
2410,3,4,-1,0.0
2411,6,1,5,1.0
2412,4,6,-2,0.0
2413,0,0,0,1.0
2414,15,11,4,1.0
2415,10,16,-6,0.0
2416,3,1,2,1.0
2417,4,3,1,1.0
2418,8,6,2,1.0
2419,6,13,-7,0.0
2420,8,1,7,1.0
2421,0,0,0,1.0
2422,0,0,0,1.0
2423,2,1,1,1.0
2424,7,10,-3,0.0
2425,21,15,6,1.0
2426,12,6,6,1.0
2427,0,0,0,1.0
2428,0,0,0,1.0
2429,1,0,1,1.0
2430,1,0,1,1.0
2431,13,7,6,1.0
2432,4,3,1,1.0
2433,4,1,3,1.0
2434,1,0,1,1.0
2435,0,2,-2,0.0
2436,21,23,-2,0.0
2437,8,3,5,1.0
2438,9,6,3,1.0
2439,7,7,0,1.0
2440,6,4,2,1.0
2441,16,15,1,1.0
2442,9,8,1,1.0
2443,3,4,-1,0.0
2444,4,11,-7,0.0
2445,16,15,1,1.0
2446,1,1,0,1.0
2447,12,16,-4,0.0
2448,15,9,6,1.0
2449,3,1,2,1.0
2450,4,3,1,1.0
2451,8,14,-6,0.0
2452,1,0,1,1.0
2453,4,2,2,1.0
2454,1,5,-4,0.0
2455,13,7,6,1.0
2456,1,3,-2,0.0
2457,6,8,-2,0.0
2458,0,1,-1,0.0
2459,19,16,3,1.0
2460,1,0,1,1.0
2461,1,5,-4,0.0
2462,7,5,2,1.0
2463,5,11,-6,0.0
2464,4,7,-3,0.0
2465,5,3,2,1.0
2466,18,13,5,1.0
2467,10,3,7,1.0
2468,5,6,-1,0.0
2469,3,3,0,1.0
2470,6,2,4,1.0
2471,8,3,5,1.0
2472,2,2,0,1.0
2473,22,15,7,1.0
2474,5,4,1,1.0
2475,3,4,-1,0.0
2476,10,5,5,1.0
2477,8,7,1,1.0
2478,3,3,0,1.0
2479,2,1,1,1.0
2480,9,5,4,1.0
2481,4,0,4,1.0
2482,18,17,1,1.0
2483,2,1,1,1.0
2484,5,6,-1,0.0
2485,2,4,-2,0.0
2486,2,4,-2,0.0
2487,5,2,3,1.0
2488,1,8,-7,0.0
2489,4,6,-2,0.0
2490,9,4,5,1.0
2491,4,1,3,1.0
2492,19,11,8,1.0
2493,11,12,-1,0.0
2494,5,0,5,1.0
2495,2,0,2,1.0
2496,1,0,1,1.0
2497,4,1,3,1.0
2498,4,3,1,1.0
2499,1,1,0,1.0
2500,4,3,1,1.0
2501,3,4,-1,0.0
2502,17,13,4,1.0
2503,8,5,3,1.0
2504,1,0,1,1.0
2505,5,3,2,1.0
2506,0,0,0,1.0
2507,5,1,4,1.0
2508,0,0,0,1.0
2509,4,1,3,1.0
2510,5,10,-5,0.0
2511,5,6,-1,0.0
2512,5,4,1,1.0
2513,5,8,-3,0.0
2514,0,4,-4,0.0
2515,24,19,5,1.0
2516,16,13,3,1.0
2517,3,1,2,1.0
2518,4,1,3,1.0
2519,2,2,0,1.0
2520,7,3,4,1.0
2521,24,29,-5,0.0
2522,7,6,1,1.0
2523,5,2,3,1.0
2524,8,11,-3,0.0
2525,3,2,1,1.0
2526,4,4,0,1.0
2527,5,8,-3,0.0
2528,9,7,2,1.0
2529,7,6,1,1.0
2530,0,0,0,1.0
2531,8,12,-4,0.0
2532,6,7,-1,0.0
2533,11,14,-3,0.0
2534,3,4,-1,0.0
2535,4,3,1,1.0
2536,28,24,4,1.0
2537,1,1,0,1.0
2538,7,4,3,1.0
2539,4,2,2,1.0
2540,16,9,7,1.0
2541,15,18,-3,0.0
2542,9,6,3,1.0
2543,9,3,6,1.0
2544,7,2,5,1.0
2545,5,5,0,1.0
2546,0,1,-1,0.0
2547,8,5,3,1.0
2548,1,0,1,1.0
2549,3,5,-2,0.0
2550,16,15,1,1.0
2551,11,7,4,1.0
2552,1,1,0,1.0
2553,5,17,-12,0.0
2554,4,2,2,1.0
2555,6,4,2,1.0
2556,1,1,0,1.0
2557,1,6,-5,0.0
2558,12,8,4,1.0
2559,4,8,-4,0.0
2560,4,2,2,1.0
2561,2,3,-1,0.0
2562,2,4,-2,0.0
2563,8,5,3,1.0
2564,1,1,0,1.0
2565,0,0,0,1.0
2566,2,0,2,1.0
2567,9,1,8,1.0
2568,9,6,3,1.0
2569,5,3,2,1.0
2570,20,12,8,1.0
2571,0,0,0,1.0
2572,6,8,-2,0.0
2573,16,10,6,1.0
2574,11,9,2,1.0
2575,7,6,1,1.0
2576,0,0,0,1.0
2577,0,0,0,1.0
2578,0,2,-2,0.0
2579,3,4,-1,0.0
2580,7,3,4,1.0
2581,12,13,-1,0.0
2582,6,10,-4,0.0
2583,14,12,2,1.0
2584,6,10,-4,0.0
2585,4,1,3,1.0
2586,0,0,0,1.0
2587,0,0,0,1.0
2588,10,8,2,1.0
2589,10,7,3,1.0
2590,22,14,8,1.0
2591,16,22,-6,0.0
2592,6,4,2,1.0
2593,9,5,4,1.0
2594,13,12,1,1.0
2595,3,5,-2,0.0
2596,4,6,-2,0.0
2597,6,3,3,1.0
2598,13,13,0,1.0
2599,8,6,2,1.0
2600,11,9,2,1.0
2601,2,4,-2,0.0
2602,6,8,-2,0.0
2603,5,7,-2,0.0
2604,2,2,0,1.0
2605,3,4,-1,0.0
2606,5,5,0,1.0
2607,0,0,0,1.0
2608,15,9,6,1.0
2609,18,13,5,1.0
2610,17,17,0,1.0
2611,8,7,1,1.0
2612,13,12,1,1.0
2613,9,7,2,1.0
2614,4,3,1,1.0
2615,7,5,2,1.0
2616,5,0,5,1.0
2617,3,2,1,1.0
2618,6,2,4,1.0
2619,6,8,-2,0.0
2620,3,2,1,1.0
2621,3,3,0,1.0
2622,32,29,3,1.0
2623,2,3,-1,0.0
2624,13,10,3,1.0
2625,8,5,3,1.0
2626,8,12,-4,0.0
2627,7,6,1,1.0
2628,36,25,11,1.0
2629,4,4,0,1.0
2630,4,5,-1,0.0
2631,7,6,1,1.0
2632,13,14,-1,0.0
2633,3,13,-10,0.0
2634,4,6,-2,0.0
2635,9,15,-6,0.0
2636,10,8,2,1.0
2637,20,15,5,1.0
2638,5,11,-6,0.0
2639,21,13,8,1.0
2640,0,1,-1,0.0
2641,0,2,-2,0.0
2642,6,7,-1,0.0
2643,8,11,-3,0.0
2644,5,1,4,1.0
2645,4,3,1,1.0
2646,0,1,-1,0.0
2647,13,14,-1,0.0
2648,3,1,2,1.0
2649,1,2,-1,0.0
2650,24,28,-4,0.0
2651,7,9,-2,0.0
2652,1,2,-1,0.0
2653,7,7,0,1.0
2654,0,0,0,1.0
2655,2,4,-2,0.0
2656,7,9,-2,0.0
2657,20,22,-2,0.0
2658,12,10,2,1.0
2659,5,4,1,1.0
2660,2,2,0,1.0
2661,18,9,9,1.0
2662,7,7,0,1.0
2663,4,0,4,1.0
2664,2,6,-4,0.0
2665,17,12,5,1.0
2666,12,9,3,1.0
2667,3,1,2,1.0
2668,9,3,6,1.0
2669,10,13,-3,0.0
2670,2,2,0,1.0
2671,7,4,3,1.0
2672,3,2,1,1.0
2673,3,0,3,1.0
2674,6,3,3,1.0
2675,6,3,3,1.0
2676,1,0,1,1.0
2677,2,1,1,1.0
2678,1,6,-5,0.0
2679,30,14,16,1.0
2680,4,1,3,1.0
2681,5,2,3,1.0
2682,9,10,-1,0.0
2683,5,11,-6,0.0
2684,6,7,-1,0.0
2685,4,4,0,1.0
2686,4,1,3,1.0
2687,9,6,3,1.0
2688,2,2,0,1.0
2689,0,1,-1,0.0
2690,5,6,-1,0.0
2691,6,3,3,1.0
2692,2,5,-3,0.0
2693,17,18,-1,0.0
2694,4,4,0,1.0
2695,2,1,1,1.0
2696,16,9,7,1.0
2697,16,9,7,1.0
2698,2,4,-2,0.0
2699,12,10,2,1.0
2700,6,6,0,1.0
2701,3,4,-1,0.0
2702,0,2,-2,0.0
2703,2,0,2,1.0
2704,0,0,0,1.0
2705,4,5,-1,0.0
2706,5,2,3,1.0
2707,4,3,1,1.0
2708,4,7,-3,0.0
2709,3,1,2,1.0
2710,6,6,0,1.0
2711,10,1,9,1.0
2712,1,0,1,1.0
2713,7,9,-2,0.0
2714,6,6,0,1.0
2715,2,3,-1,0.0
2716,9,2,7,1.0
2717,3,0,3,1.0
2718,5,1,4,1.0
2719,3,2,1,1.0
2720,4,1,3,1.0
2721,5,3,2,1.0
2722,2,0,2,1.0
2723,1,0,1,1.0
2724,11,5,6,1.0
2725,1,1,0,1.0
2726,4,0,4,1.0
2727,18,15,3,1.0
2728,6,4,2,1.0
2729,16,17,-1,0.0
2730,6,9,-3,0.0
2731,6,6,0,1.0
2732,1,8,-7,0.0
2733,3,2,1,1.0
2734,4,4,0,1.0
2735,3,3,0,1.0
2736,5,5,0,1.0
2737,2,1,1,1.0
2738,7,3,4,1.0
2739,7,7,0,1.0
2740,13,8,5,1.0
2741,5,5,0,1.0
2742,12,8,4,1.0
2743,13,9,4,1.0
2744,5,4,1,1.0
2745,0,0,0,1.0
2746,0,0,0,1.0
2747,19,19,0,1.0
2748,3,2,1,1.0
2749,4,2,2,1.0
2750,15,9,6,1.0
2751,5,3,2,1.0
2752,6,9,-3,0.0
2753,0,0,0,1.0
2754,0,2,-2,0.0
2755,2,0,2,1.0
2756,8,9,-1,0.0
2757,2,6,-4,0.0
2758,1,0,1,1.0
2759,33,17,16,1.0
2760,0,0,0,1.0
2761,1,0,1,1.0
2762,2,3,-1,0.0
2763,14,5,9,1.0
2764,4,3,1,1.0
2765,3,1,2,1.0
2766,16,7,9,1.0
2767,2,4,-2,0.0
2768,3,1,2,1.0
2769,1,3,-2,0.0
2770,12,5,7,1.0
2771,2,1,1,1.0
2772,3,9,-6,0.0
2773,12,5,7,1.0
2774,6,2,4,1.0
2775,6,2,4,1.0
2776,8,1,7,1.0
2777,5,9,-4,0.0
2778,1,3,-2,0.0
2779,9,4,5,1.0
2780,14,9,5,1.0
2781,0,0,0,1.0
2782,3,0,3,1.0
2783,8,3,5,1.0
2784,5,5,0,1.0
2785,5,11,-6,0.0
2786,2,4,-2,0.0
2787,12,4,8,1.0
2788,7,6,1,1.0
2789,23,11,12,1.0
2790,3,1,2,1.0
2791,36,39,-3,0.0
2792,0,0,0,1.0
2793,5,4,1,1.0
2794,1,4,-3,0.0
2795,3,3,0,1.0
2796,23,22,1,1.0
2797,6,6,0,1.0
2798,4,5,-1,0.0
2799,8,11,-3,0.0
2800,7,3,4,1.0
2801,11,15,-4,0.0
2802,31,20,11,1.0
2803,0,0,0,1.0
2804,10,6,4,1.0
2805,4,2,2,1.0
2806,2,4,-2,0.0
2807,0,0,0,1.0
2808,2,2,0,1.0
2809,4,15,-11,0.0
2810,22,26,-4,0.0
2811,19,27,-8,0.0
2812,11,12,-1,0.0
2813,14,19,-5,0.0
2814,5,11,-6,0.0
2815,0,1,-1,0.0
2816,1,3,-2,0.0
2817,6,6,0,1.0
2818,4,4,0,1.0
2819,2,0,2,1.0
2820,3,5,-2,0.0
2821,14,22,-8,0.0
2822,8,5,3,1.0
2823,15,9,6,1.0
2824,6,6,0,1.0
2825,13,11,2,1.0
2826,7,8,-1,0.0
2827,16,15,1,1.0
2828,7,8,-1,0.0
2829,1,5,-4,0.0
2830,12,5,7,1.0
2831,10,4,6,1.0
2832,1,2,-1,0.0
2833,2,1,1,1.0
2834,28,13,15,1.0
2835,1,0,1,1.0
2836,0,0,0,1.0
2837,23,19,4,1.0
2838,2,1,1,1.0
2839,1,1,0,1.0
2840,1,1,0,1.0
2841,5,2,3,1.0
2842,4,3,1,1.0
2843,2,1,1,1.0
2844,0,0,0,1.0
2845,10,14,-4,0.0
2846,7,5,2,1.0
2847,1,0,1,1.0
2848,2,3,-1,0.0
2849,3,2,1,1.0
2850,10,5,5,1.0
2851,2,1,1,1.0
2852,1,0,1,1.0
2853,13,15,-2,0.0
2854,6,2,4,1.0
2855,6,4,2,1.0
2856,5,5,0,1.0
2857,13,11,2,1.0
2858,13,10,3,1.0
2859,15,10,5,1.0
2860,13,3,10,1.0
2861,4,6,-2,0.0
2862,6,10,-4,0.0
2863,18,19,-1,0.0
2864,8,8,0,1.0
2865,2,1,1,1.0
2866,10,4,6,1.0
2867,10,5,5,1.0
2868,1,0,1,1.0
2869,8,7,1,1.0
2870,10,9,1,1.0
2871,10,12,-2,0.0
2872,3,1,2,1.0
2873,9,11,-2,0.0
2874,2,1,1,1.0
2875,9,9,0,1.0
2876,17,7,10,1.0
2877,5,7,-2,0.0
2878,9,12,-3,0.0
2879,2,6,-4,0.0
2880,0,2,-2,0.0
2881,7,6,1,1.0
2882,3,2,1,1.0
2883,28,44,-16,0.0
2884,0,2,-2,0.0
2885,0,1,-1,0.0
2886,25,17,8,1.0
2887,23,23,0,1.0
2888,15,17,-2,0.0
2889,0,0,0,1.0
2890,2,1,1,1.0
2891,7,7,0,1.0
2892,17,13,4,1.0
2893,16,9,7,1.0
2894,8,2,6,1.0
2895,14,14,0,1.0
2896,23,19,4,1.0
2897,2,6,-4,0.0
2898,21,35,-14,0.0
2899,6,3,3,1.0
2900,3,0,3,1.0
2901,1,1,0,1.0
2902,4,2,2,1.0
2903,4,0,4,1.0
2904,1,4,-3,0.0
2905,10,9,1,1.0
2906,6,2,4,1.0
2907,9,3,6,1.0
2908,1,0,1,1.0
2909,6,4,2,1.0
2910,0,0,0,1.0
2911,0,1,-1,0.0
2912,4,6,-2,0.0
2913,3,6,-3,0.0
2914,2,0,2,1.0
2915,9,2,7,1.0
2916,2,2,0,1.0
2917,1,2,-1,0.0
2918,9,3,6,1.0
2919,6,4,2,1.0
2920,2,1,1,1.0
2921,7,5,2,1.0
2922,2,0,2,1.0
2923,6,2,4,1.0
2924,1,2,-1,0.0
2925,5,1,4,1.0
2926,2,0,2,1.0
2927,2,1,1,1.0
2928,2,0,2,1.0
2929,12,6,6,1.0
2930,1,2,-1,0.0
2931,14,3,11,1.0
2932,7,6,1,1.0
2933,2,3,-1,0.0
2934,1,2,-1,0.0
2935,13,16,-3,0.0
2936,5,11,-6,0.0
2937,3,3,0,1.0
2938,1,1,0,1.0
2939,3,2,1,1.0
2940,3,1,2,1.0
2941,3,1,2,1.0
2942,6,5,1,1.0
2943,2,4,-2,0.0
2944,1,1,0,1.0
2945,4,4,0,1.0
2946,16,15,1,1.0
2947,21,17,4,1.0
2948,13,25,-12,0.0
2949,2,2,0,1.0
2950,17,16,1,1.0
2951,7,2,5,1.0
2952,0,0,0,1.0
2953,31,46,-15,0.0
2954,20,22,-2,0.0
2955,19,21,-2,0.0
2956,8,0,8,1.0
2957,4,2,2,1.0
2958,1,1,0,1.0
2959,1,0,1,1.0
2960,12,12,0,1.0
2961,1,1,0,1.0
2962,1,1,0,1.0
2963,0,2,-2,0.0
2964,5,4,1,1.0
2965,1,0,1,1.0
2966,4,4,0,1.0
2967,4,1,3,1.0
2968,6,2,4,1.0
2969,5,0,5,1.0
2970,6,0,6,1.0
2971,2,1,1,1.0
2972,2,5,-3,0.0
2973,5,1,4,1.0
2974,4,5,-1,0.0
2975,6,1,5,1.0
2976,3,1,2,1.0
2977,10,13,-3,0.0
2978,9,13,-4,0.0
2979,7,9,-2,0.0
2980,7,2,5,1.0
2981,5,1,4,1.0
2982,1,0,1,1.0
2983,5,0,5,1.0
2984,5,4,1,1.0
2985,10,14,-4,0.0
2986,3,2,1,1.0
2987,3,0,3,1.0
2988,4,0,4,1.0
2989,4,0,4,1.0
2990,6,5,1,1.0
2991,6,5,1,1.0
2992,6,7,-1,0.0
2993,7,2,5,1.0
2994,1,0,1,1.0
2995,3,0,3,1.0
2996,10,12,-2,0.0
2997,3,3,0,1.0
2998,18,23,-5,0.0
2999,2,0,2,1.0
3000,3,3,0,1.0
3001,4,3,1,1.0
3002,4,2,2,1.0
3003,12,14,-2,0.0
3004,13,7,6,1.0
3005,11,8,3,1.0
3006,1,3,-2,0.0
3007,5,2,3,1.0
3008,2,3,-1,0.0
3009,4,1,3,1.0
3010,5,1,4,1.0
3011,11,12,-1,0.0
3012,21,18,3,1.0
3013,4,1,3,1.0
3014,17,14,3,1.0
3015,5,5,0,1.0
3016,2,0,2,1.0
3017,4,4,0,1.0
3018,10,3,7,1.0
3019,2,0,2,1.0
3020,4,4,0,1.0
3021,3,0,3,1.0
3022,4,1,3,1.0
3023,4,1,3,1.0
3024,4,4,0,1.0
3025,11,1,10,1.0
3026,3,1,2,1.0
3027,6,3,3,1.0
3028,8,1,7,1.0
3029,3,4,-1,0.0
3030,5,3,2,1.0
3031,5,3,2,1.0
3032,1,0,1,1.0
3033,5,5,0,1.0
3034,6,6,0,1.0
3035,5,3,2,1.0
3036,2,0,2,1.0
3037,4,1,3,1.0
3038,4,2,2,1.0
3039,2,7,-5,0.0
3040,7,13,-6,0.0
3041,3,6,-3,0.0
3042,1,0,1,1.0
3043,9,9,0,1.0
3044,4,4,0,1.0
3045,3,0,3,1.0
3046,5,1,4,1.0
3047,5,9,-4,0.0
3048,0,2,-2,0.0
3049,9,11,-2,0.0
3050,0,0,0,1.0
3051,2,1,1,1.0
3052,3,2,1,1.0
3053,4,5,-1,0.0
3054,0,0,0,1.0
3055,8,2,6,1.0
3056,5,7,-2,0.0
3057,5,2,3,1.0
3058,2,2,0,1.0
3059,5,0,5,1.0
3060,4,3,1,1.0
3061,7,3,4,1.0
3062,4,3,1,1.0
3063,13,13,0,1.0
3064,3,3,0,1.0
3065,10,7,3,1.0
3066,12,5,7,1.0
3067,0,0,0,1.0
3068,20,6,14,1.0
3069,4,1,3,1.0
3070,3,2,1,1.0
3071,7,9,-2,0.0
3072,9,4,5,1.0
3073,5,4,1,1.0
3074,3,1,2,1.0
3075,7,10,-3,0.0
3076,3,1,2,1.0
3077,3,3,0,1.0
3078,17,13,4,1.0
3079,2,0,2,1.0
3080,0,1,-1,0.0
3081,2,2,0,1.0
3082,4,1,3,1.0
3083,3,2,1,1.0
3084,5,1,4,1.0
3085,7,10,-3,0.0
3086,5,4,1,1.0
3087,6,1,5,1.0
3088,6,10,-4,0.0
3089,4,3,1,1.0
3090,8,8,0,1.0
3091,0,2,-2,0.0
3092,14,4,10,1.0
3093,7,7,0,1.0
3094,27,15,12,1.0
3095,8,5,3,1.0
3096,15,13,2,1.0
3097,11,3,8,1.0
3098,4,2,2,1.0
3099,2,4,-2,0.0
3100,5,0,5,1.0
3101,4,2,2,1.0
3102,7,5,2,1.0
3103,10,8,2,1.0
3104,5,2,3,1.0
3105,3,0,3,1.0
3106,3,1,2,1.0
3107,1,3,-2,0.0
3108,4,2,2,1.0
3109,23,6,17,1.0
3110,15,22,-7,0.0
3111,4,1,3,1.0
3112,12,6,6,1.0
3113,15,22,-7,0.0
3114,2,1,1,1.0
3115,7,2,5,1.0
3116,3,0,3,1.0
3117,5,3,2,1.0
3118,16,9,7,1.0
3119,19,11,8,1.0
3120,6,16,-10,0.0
3121,6,6,0,1.0
3122,11,7,4,1.0
3123,6,5,1,1.0
3124,8,7,1,1.0
3125,5,2,3,1.0
3126,3,6,-3,0.0
3127,13,12,1,1.0
3128,11,6,5,1.0
3129,2,0,2,1.0
3130,11,8,3,1.0
3131,11,11,0,1.0
3132,5,6,-1,0.0
3133,1,1,0,1.0
3134,8,6,2,1.0
3135,5,8,-3,0.0
3136,7,4,3,1.0
3137,12,16,-4,0.0
3138,0,0,0,1.0
3139,10,12,-2,0.0
3140,4,2,2,1.0
3141,2,1,1,1.0
3142,3,2,1,1.0
3143,5,7,-2,0.0
3144,1,0,1,1.0
3145,14,9,5,1.0
3146,7,2,5,1.0
3147,0,2,-2,0.0
3148,9,4,5,1.0
3149,5,11,-6,0.0
3150,2,4,-2,0.0
3151,1,0,1,1.0
3152,3,11,-8,0.0
3153,3,2,1,1.0
3154,6,8,-2,0.0
3155,4,3,1,1.0
3156,9,11,-2,0.0
3157,11,18,-7,0.0
3158,38,51,-13,0.0
3159,4,5,-1,0.0
3160,7,10,-3,0.0
3161,1,1,0,1.0
3162,0,0,0,1.0
3163,6,9,-3,0.0
3164,3,3,0,1.0
3165,11,10,1,1.0
3166,2,2,0,1.0
3167,20,16,4,1.0
3168,3,0,3,1.0
3169,7,6,1,1.0
3170,0,0,0,1.0
3171,0,1,-1,0.0
3172,10,4,6,1.0
3173,2,1,1,1.0
3174,2,6,-4,0.0
3175,13,22,-9,0.0
3176,10,3,7,1.0
3177,1,4,-3,0.0
3178,3,2,1,1.0
3179,3,1,2,1.0
3180,5,9,-4,0.0
3181,10,4,6,1.0
3182,25,23,2,1.0
3183,4,2,2,1.0
3184,6,3,3,1.0
3185,5,1,4,1.0
3186,0,0,0,1.0
3187,2,2,0,1.0
3188,3,0,3,1.0
3189,2,0,2,1.0
3190,13,8,5,1.0
3191,2,1,1,1.0
3192,0,2,-2,0.0
3193,1,1,0,1.0
3194,0,0,0,1.0
3195,0,0,0,1.0
3196,3,4,-1,0.0
3197,4,2,2,1.0
3198,1,0,1,1.0
3199,2,1,1,1.0
3200,6,4,2,1.0
3201,1,0,1,1.0
3202,7,6,1,1.0
3203,4,3,1,1.0
3204,0,0,0,1.0
3205,5,6,-1,0.0
3206,6,5,1,1.0
3207,7,4,3,1.0
3208,9,2,7,1.0
3209,28,26,2,1.0
3210,14,8,6,1.0
3211,2,3,-1,0.0
3212,4,5,-1,0.0
3213,4,3,1,1.0
3214,6,0,6,1.0
3215,11,10,1,1.0
3216,5,1,4,1.0
3217,19,11,8,1.0
3218,5,11,-6,0.0
3219,23,6,17,1.0
3220,0,0,0,1.0
3221,8,5,3,1.0
3222,3,3,0,1.0
3223,7,8,-1,0.0
3224,4,2,2,1.0
3225,6,2,4,1.0
3226,7,15,-8,0.0
3227,29,23,6,1.0
3228,11,6,5,1.0
3229,0,2,-2,0.0
3230,2,1,1,1.0
3231,14,11,3,1.0
3232,6,1,5,1.0
3233,16,14,2,1.0
3234,19,18,1,1.0
3235,2,2,0,1.0
3236,18,18,0,1.0
3237,0,0,0,1.0
3238,14,12,2,1.0
3239,15,26,-11,0.0
3240,1,1,0,1.0
3241,1,0,1,1.0
3242,7,2,5,1.0
3243,5,8,-3,0.0
3244,4,0,4,1.0
3245,12,7,5,1.0
3246,15,18,-3,0.0
3247,21,25,-4,0.0
3248,9,3,6,1.0
3249,8,1,7,1.0
3250,2,0,2,1.0
3251,2,0,2,1.0
3252,23,14,9,1.0
3253,3,1,2,1.0
3254,12,5,7,1.0
3255,8,1,7,1.0
3256,8,5,3,1.0
3257,1,6,-5,0.0
3258,20,17,3,1.0
3259,0,0,0,1.0
3260,0,0,0,1.0
3261,12,10,2,1.0
3262,6,6,0,1.0
3263,6,2,4,1.0
3264,7,5,2,1.0
3265,6,2,4,1.0
3266,3,1,2,1.0
3267,4,4,0,1.0
3268,1,0,1,1.0
3269,4,0,4,1.0
3270,0,0,0,1.0
3271,5,2,3,1.0
3272,9,8,1,1.0
3273,2,0,2,1.0
3274,0,0,0,1.0
3275,4,2,2,1.0
3276,0,1,-1,0.0
3277,0,0,0,1.0
3278,6,6,0,1.0
3279,10,6,4,1.0
3280,5,1,4,1.0
3281,4,3,1,1.0
3282,6,5,1,1.0
3283,3,1,2,1.0
3284,1,3,-2,0.0
3285,1,1,0,1.0
3286,5,0,5,1.0
3287,6,5,1,1.0
3288,13,15,-2,0.0
3289,0,0,0,1.0
3290,0,0,0,1.0
3291,2,1,1,1.0
3292,0,0,0,1.0
3293,0,0,0,1.0
3294,2,1,1,1.0
3295,6,6,0,1.0
3296,4,1,3,1.0
3297,13,15,-2,0.0
3298,1,2,-1,0.0
3299,11,7,4,1.0
3300,12,10,2,1.0
3301,9,9,0,1.0
3302,14,18,-4,0.0
3303,6,7,-1,0.0
3304,0,1,-1,0.0
3305,3,2,1,1.0
3306,21,15,6,1.0
3307,4,6,-2,0.0
3308,3,2,1,1.0
3309,4,5,-1,0.0
3310,3,3,0,1.0
3311,4,0,4,1.0
3312,26,22,4,1.0
3313,9,6,3,1.0
3314,10,11,-1,0.0
3315,4,4,0,1.0
3316,4,3,1,1.0
3317,0,0,0,1.0
3318,21,17,4,1.0
3319,5,6,-1,0.0
3320,2,0,2,1.0
3321,8,5,3,1.0
3322,11,10,1,1.0
3323,4,9,-5,0.0
3324,0,1,-1,0.0
3325,4,0,4,1.0
3326,8,9,-1,0.0
3327,0,2,-2,0.0
3328,21,4,17,1.0
3329,0,2,-2,0.0
3330,1,3,-2,0.0
3331,1,6,-5,0.0
3332,6,6,0,1.0
3333,13,10,3,1.0
3334,4,10,-6,0.0
3335,6,25,-19,0.0
3336,4,0,4,1.0
3337,4,3,1,1.0
3338,1,3,-2,0.0
3339,0,0,0,1.0
3340,7,4,3,1.0
3341,4,1,3,1.0
3342,13,6,7,1.0
3343,4,4,0,1.0
3344,5,3,2,1.0
3345,3,4,-1,0.0
3346,12,8,4,1.0
3347,0,0,0,1.0
3348,28,34,-6,0.0
3349,9,4,5,1.0
3350,14,4,10,1.0
3351,18,9,9,1.0
3352,13,17,-4,0.0
3353,13,13,0,1.0
3354,3,3,0,1.0
3355,13,6,7,1.0
3356,29,17,12,1.0
3357,0,1,-1,0.0
3358,11,13,-2,0.0
3359,5,11,-6,0.0
3360,3,2,1,1.0
3361,2,2,0,1.0
3362,2,1,1,1.0
3363,12,15,-3,0.0
3364,7,3,4,1.0
3365,17,20,-3,0.0
3366,15,15,0,1.0
3367,1,0,1,1.0
3368,6,13,-7,0.0
3369,13,9,4,1.0
3370,8,4,4,1.0
3371,1,2,-1,0.0
3372,11,11,0,1.0
3373,4,3,1,1.0
3374,10,6,4,1.0
3375,5,3,2,1.0
3376,3,3,0,1.0
3377,8,2,6,1.0
3378,11,15,-4,0.0
3379,4,3,1,1.0
3380,12,5,7,1.0
3381,6,0,6,1.0
3382,2,0,2,1.0
3383,0,1,-1,0.0
3384,1,0,1,1.0
3385,4,0,4,1.0
3386,1,1,0,1.0
3387,2,1,1,1.0
3388,2,2,0,1.0
3389,9,12,-3,0.0
3390,13,6,7,1.0
3391,4,4,0,1.0
3392,1,1,0,1.0
3393,3,0,3,1.0
3394,10,13,-3,0.0
3395,7,2,5,1.0
3396,0,0,0,1.0
3397,8,8,0,1.0
3398,6,5,1,1.0
3399,3,7,-4,0.0
3400,4,5,-1,0.0
3401,21,12,9,1.0
3402,0,0,0,1.0
3403,6,7,-1,0.0
3404,5,3,2,1.0
3405,2,1,1,1.0
3406,9,6,3,1.0
3407,9,11,-2,0.0
3408,21,15,6,1.0
3409,7,6,1,1.0
3410,8,13,-5,0.0
3411,6,7,-1,0.0
3412,8,3,5,1.0
3413,5,4,1,1.0
3414,17,9,8,1.0
3415,0,2,-2,0.0
3416,0,2,-2,0.0
3417,0,2,-2,0.0
3418,6,8,-2,0.0
3419,5,15,-10,0.0
3420,17,10,7,1.0
3421,6,10,-4,0.0
3422,0,0,0,1.0
3423,7,4,3,1.0
3424,4,5,-1,0.0
3425,0,3,-3,0.0
3426,5,3,2,1.0
3427,7,7,0,1.0
3428,3,1,2,1.0
3429,1,3,-2,0.0
3430,3,4,-1,0.0
3431,9,8,1,1.0
3432,2,1,1,1.0
3433,4,2,2,1.0
3434,26,14,12,1.0
3435,11,7,4,1.0
3436,3,1,2,1.0
3437,19,13,6,1.0
3438,2,1,1,1.0
3439,8,5,3,1.0
3440,20,23,-3,0.0
3441,10,4,6,1.0
3442,28,18,10,1.0
3443,8,2,6,1.0
3444,11,6,5,1.0
3445,1,2,-1,0.0
3446,6,13,-7,0.0
3447,6,8,-2,0.0
3448,18,19,-1,0.0
3449,3,1,2,1.0
3450,4,4,0,1.0
3451,4,4,0,1.0
3452,13,5,8,1.0
3453,3,3,0,1.0
3454,2,4,-2,0.0
3455,15,9,6,1.0
3456,9,6,3,1.0
3457,8,3,5,1.0
3458,1,0,1,1.0
3459,3,0,3,1.0
3460,3,4,-1,0.0
3461,3,2,1,1.0
3462,1,0,1,1.0
3463,5,3,2,1.0
3464,3,0,3,1.0
3465,3,1,2,1.0
3466,15,25,-10,0.0
3467,10,13,-3,0.0
3468,6,5,1,1.0
3469,11,12,-1,0.0
3470,6,4,2,1.0
3471,8,10,-2,0.0
3472,14,19,-5,0.0
3473,4,5,-1,0.0
3474,0,0,0,1.0
3475,1,0,1,1.0
3476,9,8,1,1.0
3477,3,4,-1,0.0
3478,4,4,0,1.0
3479,5,5,0,1.0
3480,12,4,8,1.0
3481,25,44,-19,0.0
3482,32,16,16,1.0
3483,0,1,-1,0.0
3484,0,0,0,1.0
3485,2,2,0,1.0
3486,5,1,4,1.0
3487,5,3,2,1.0
3488,15,12,3,1.0
3489,19,14,5,1.0
3490,11,10,1,1.0
3491,19,13,6,1.0
3492,8,3,5,1.0
3493,4,2,2,1.0
3494,2,1,1,1.0
3495,10,6,4,1.0
3496,2,2,0,1.0
3497,16,18,-2,0.0
3498,4,2,2,1.0
3499,9,7,2,1.0
3500,1,0,1,1.0
3501,7,8,-1,0.0
3502,27,21,6,1.0
3503,10,13,-3,0.0
3504,3,4,-1,0.0
3505,3,0,3,1.0
3506,10,9,1,1.0
3507,1,1,0,1.0
3508,15,14,1,1.0
3509,3,5,-2,0.0
3510,1,0,1,1.0
3511,5,0,5,1.0
3512,6,9,-3,0.0
3513,15,19,-4,0.0
3514,5,8,-3,0.0
3515,6,4,2,1.0
3516,11,18,-7,0.0
3517,6,4,2,1.0
3518,2,3,-1,0.0
3519,15,8,7,1.0
3520,20,26,-6,0.0
3521,14,9,5,1.0
3522,11,7,4,1.0
3523,14,10,4,1.0
3524,12,6,6,1.0
3525,2,0,2,1.0
3526,13,7,6,1.0
3527,10,6,4,1.0
3528,33,47,-14,0.0
3529,14,15,-1,0.0
3530,6,8,-2,0.0
3531,2,1,1,1.0
3532,31,42,-11,0.0
3533,0,0,0,1.0
3534,7,3,4,1.0
3535,4,4,0,1.0
3536,7,7,0,1.0
3537,7,5,2,1.0
3538,10,8,2,1.0
3539,7,8,-1,0.0
3540,5,5,0,1.0
3541,7,5,2,1.0
3542,3,0,3,1.0
3543,4,2,2,1.0
3544,1,0,1,1.0
3545,14,9,5,1.0
3546,1,1,0,1.0
3547,4,8,-4,0.0
3548,4,5,-1,0.0
3549,5,12,-7,0.0
3550,0,0,0,1.0
3551,2,1,1,1.0
3552,14,16,-2,0.0
3553,0,4,-4,0.0
3554,12,13,-1,0.0
3555,2,3,-1,0.0
3556,0,0,0,1.0
3557,6,1,5,1.0
3558,6,4,2,1.0
3559,6,2,4,1.0
3560,3,2,1,1.0
3561,14,13,1,1.0
3562,11,2,9,1.0
3563,0,2,-2,0.0
3564,3,4,-1,0.0
3565,2,3,-1,0.0
3566,0,0,0,1.0
3567,16,11,5,1.0
3568,1,4,-3,0.0
3569,0,0,0,1.0
3570,12,7,5,1.0
3571,23,24,-1,0.0
3572,12,17,-5,0.0
3573,8,8,0,1.0
3574,4,4,0,1.0
3575,2,0,2,1.0
3576,5,9,-4,0.0
3577,29,17,12,1.0
3578,2,3,-1,0.0
3579,3,3,0,1.0
3580,5,3,2,1.0
3581,29,18,11,1.0
3582,6,2,4,1.0
3583,0,2,-2,0.0
3584,5,11,-6,0.0
3585,3,4,-1,0.0
3586,15,8,7,1.0
3587,14,17,-3,0.0
3588,3,6,-3,0.0
3589,8,7,1,1.0
3590,13,13,0,1.0
3591,3,1,2,1.0
3592,19,12,7,1.0
3593,3,4,-1,0.0
3594,3,1,2,1.0
3595,3,3,0,1.0
3596,3,3,0,1.0
3597,1,1,0,1.0
3598,14,17,-3,0.0
3599,8,11,-3,0.0
3600,0,1,-1,0.0
3601,10,7,3,1.0
3602,12,4,8,1.0
3603,2,1,1,1.0
3604,9,8,1,1.0
3605,2,2,0,1.0
3606,5,1,4,1.0
3607,0,7,-7,0.0
3608,0,1,-1,0.0
3609,1,0,1,1.0
3610,1,2,-1,0.0
3611,1,0,1,1.0
3612,10,5,5,1.0
3613,10,1,9,1.0
3614,0,0,0,1.0
3615,0,2,-2,0.0
3616,11,15,-4,0.0
3617,11,9,2,1.0
3618,14,3,11,1.0
3619,11,11,0,1.0
3620,11,22,-11,0.0
3621,10,11,-1,0.0
3622,23,20,3,1.0
3623,1,0,1,1.0
3624,11,8,3,1.0
3625,12,8,4,1.0
3626,0,2,-2,0.0
3627,12,17,-5,0.0
3628,6,1,5,1.0
3629,15,18,-3,0.0
3630,20,22,-2,0.0
3631,9,4,5,1.0
3632,15,23,-8,0.0
3633,1,8,-7,0.0
3634,8,13,-5,0.0
3635,10,12,-2,0.0
3636,11,9,2,1.0
3637,32,43,-11,0.0
3638,16,14,2,1.0
3639,4,6,-2,0.0
3640,10,8,2,1.0
3641,8,7,1,1.0
3642,8,10,-2,0.0
3643,4,5,-1,0.0
3644,0,0,0,1.0
3645,4,4,0,1.0
3646,8,13,-5,0.0
3647,25,18,7,1.0
3648,3,4,-1,0.0
3649,0,1,-1,0.0
3650,1,3,-2,0.0
3651,8,5,3,1.0
3652,11,8,3,1.0
3653,7,1,6,1.0
3654,17,12,5,1.0
3655,18,13,5,1.0
3656,2,0,2,1.0
3657,10,16,-6,0.0
3658,8,5,3,1.0
3659,0,1,-1,0.0
3660,12,5,7,1.0
3661,18,14,4,1.0
3662,22,23,-1,0.0
3663,16,12,4,1.0
3664,12,19,-7,0.0
3665,18,13,5,1.0
3666,0,0,0,1.0
3667,21,24,-3,0.0
3668,2,2,0,1.0
3669,15,20,-5,0.0
3670,18,17,1,1.0
3671,8,5,3,1.0
3672,5,3,2,1.0
3673,4,3,1,1.0
3674,6,4,2,1.0
3675,2,1,1,1.0
3676,1,5,-4,0.0
3677,2,0,2,1.0
3678,0,0,0,1.0
3679,3,4,-1,0.0
3680,2,4,-2,0.0
3681,5,3,2,1.0
3682,30,25,5,1.0
3683,3,3,0,1.0
3684,8,10,-2,0.0
3685,10,3,7,1.0
3686,15,3,12,1.0
3687,2,4,-2,0.0
3688,8,4,4,1.0
3689,3,5,-2,0.0
3690,9,8,1,1.0
3691,9,7,2,1.0
3692,12,7,5,1.0
3693,5,7,-2,0.0
3694,15,18,-3,0.0
3695,7,8,-1,0.0
3696,20,29,-9,0.0
3697,5,11,-6,0.0
3698,11,9,2,1.0
3699,1,1,0,1.0
3700,20,21,-1,0.0
3701,1,3,-2,0.0
3702,3,5,-2,0.0
3703,0,0,0,1.0
3704,11,13,-2,0.0
3705,17,14,3,1.0
3706,0,0,0,1.0
3707,23,21,2,1.0
3708,16,12,4,1.0
3709,8,10,-2,0.0
3710,10,5,5,1.0
3711,1,0,1,1.0
3712,14,9,5,1.0
3713,10,5,5,1.0
3714,0,1,-1,0.0
3715,0,1,-1,0.0
3716,19,17,2,1.0
3717,10,3,7,1.0
3718,7,6,1,1.0
3719,13,4,9,1.0
3720,29,18,11,1.0
3721,2,3,-1,0.0
3722,7,8,-1,0.0
3723,12,6,6,1.0
3724,10,5,5,1.0
3725,10,8,2,1.0
3726,0,0,0,1.0
3727,7,3,4,1.0
3728,1,0,1,1.0
3729,16,11,5,1.0
3730,1,2,-1,0.0
3731,8,2,6,1.0
3732,5,4,1,1.0
3733,9,11,-2,0.0
3734,4,9,-5,0.0
3735,3,4,-1,0.0
3736,11,6,5,1.0
3737,1,0,1,1.0
3738,0,0,0,1.0
3739,2,3,-1,0.0
3740,0,0,0,1.0
3741,0,0,0,1.0
3742,4,4,0,1.0
3743,0,0,0,1.0
3744,6,11,-5,0.0
3745,6,3,3,1.0
3746,4,0,4,1.0
3747,8,2,6,1.0
3748,15,18,-3,0.0
3749,8,2,6,1.0
3750,5,11,-6,0.0
3751,5,4,1,1.0
3752,7,6,1,1.0
3753,1,0,1,1.0
3754,3,7,-4,0.0
3755,9,5,4,1.0
3756,6,5,1,1.0
3757,0,0,0,1.0
3758,11,8,3,1.0
3759,0,1,-1,0.0
3760,14,19,-5,0.0
3761,7,7,0,1.0
3762,10,2,8,1.0
3763,2,1,1,1.0
3764,2,2,0,1.0
3765,18,20,-2,0.0
3766,23,19,4,1.0
3767,2,1,1,1.0
3768,1,2,-1,0.0
3769,3,4,-1,0.0
3770,0,2,-2,0.0
3771,6,6,0,1.0
3772,13,21,-8,0.0
3773,0,0,0,1.0
3774,0,2,-2,0.0
3775,27,35,-8,0.0
3776,3,4,-1,0.0
3777,3,4,-1,0.0
3778,3,2,1,1.0
3779,8,10,-2,0.0
3780,6,8,-2,0.0
3781,10,12,-2,0.0
3782,0,0,0,1.0
3783,13,6,7,1.0
3784,0,2,-2,0.0
3785,6,5,1,1.0
3786,8,12,-4,0.0
3787,5,3,2,1.0
3788,0,0,0,1.0
3789,0,0,0,1.0
3790,0,0,0,1.0
3791,0,0,0,1.0
3792,11,10,1,1.0
3793,0,0,0,1.0
3794,4,9,-5,0.0
3795,14,13,1,1.0
3796,10,12,-2,0.0
3797,0,0,0,1.0
3798,1,1,0,1.0
3799,14,13,1,1.0
3800,15,6,9,1.0
3801,2,5,-3,0.0
3802,0,1,-1,0.0
3803,3,4,-1,0.0
3804,4,4,0,1.0
3805,2,3,-1,0.0
3806,3,1,2,1.0
3807,2,6,-4,0.0
3808,13,11,2,1.0
3809,10,5,5,1.0
3810,12,10,2,1.0
3811,2,1,1,1.0
3812,2,0,2,1.0
3813,2,1,1,1.0
3814,4,0,4,1.0
3815,4,0,4,1.0
3816,0,0,0,1.0
3817,4,2,2,1.0
3818,2,0,2,1.0
3819,6,7,-1,0.0
3820,1,0,1,1.0
3821,5,1,4,1.0
3822,7,3,4,1.0
3823,7,9,-2,0.0
3824,3,0,3,1.0
3825,3,2,1,1.0
3826,4,1,3,1.0
3827,2,2,0,1.0
3828,4,1,3,1.0
3829,4,0,4,1.0
3830,4,3,1,1.0
3831,4,4,0,1.0
3832,4,4,0,1.0
3833,10,13,-3,0.0
3834,7,5,2,1.0
3835,4,1,3,1.0
3836,2,1,1,1.0
3837,6,1,5,1.0
3838,4,0,4,1.0
3839,5,2,3,1.0
3840,4,4,0,1.0
3841,3,2,1,1.0
3842,3,2,1,1.0
3843,8,0,8,1.0
3844,2,2,0,1.0
3845,4,0,4,1.0
3846,2,4,-2,0.0
3847,5,2,3,1.0
3848,4,4,0,1.0
3849,5,7,-2,0.0
3850,2,0,2,1.0
3851,2,1,1,1.0
3852,6,5,1,1.0
3853,4,3,1,1.0
3854,17,11,6,1.0
3855,6,2,4,1.0
3856,1,1,0,1.0
3857,5,4,1,1.0
3858,2,0,2,1.0
3859,1,0,1,1.0
3860,1,0,1,1.0
3861,5,7,-2,0.0
3862,3,3,0,1.0
3863,0,1,-1,0.0
3864,7,8,-1,0.0
3865,0,0,0,1.0
3866,3,1,2,1.0
3867,6,3,3,1.0
3868,2,0,2,1.0
3869,1,1,0,1.0
3870,7,4,3,1.0
3871,4,1,3,1.0
3872,2,1,1,1.0
3873,16,7,9,1.0
3874,6,4,2,1.0
3875,5,8,-3,0.0
3876,5,4,1,1.0
3877,8,4,4,1.0
3878,9,4,5,1.0
3879,2,2,0,1.0
3880,6,3,3,1.0
3881,2,1,1,1.0
3882,2,2,0,1.0
3883,6,2,4,1.0
3884,2,1,1,1.0
3885,6,4,2,1.0
3886,6,1,5,1.0
3887,4,1,3,1.0
3888,3,1,2,1.0
3889,0,0,0,1.0
3890,2,0,2,1.0
3891,4,0,4,1.0
3892,5,7,-2,0.0
3893,3,4,-1,0.0
3894,2,5,-3,0.0
3895,6,0,6,1.0
3896,2,3,-1,0.0
3897,8,4,4,1.0
3898,3,3,0,1.0
3899,4,1,3,1.0
3900,4,1,3,1.0
3901,0,0,0,1.0
3902,0,5,-5,0.0
3903,2,0,2,1.0
3904,0,0,0,1.0
3905,0,0,0,1.0
3906,0,1,-1,0.0
3907,5,4,1,1.0
3908,4,0,4,1.0
3909,0,0,0,1.0
3910,2,0,2,1.0
3911,12,9,3,1.0
3912,5,4,1,1.0
3913,3,1,2,1.0
3914,6,2,4,1.0
3915,2,3,-1,0.0
3916,2,1,1,1.0
3917,2,0,2,1.0
3918,1,1,0,1.0
3919,7,3,4,1.0
3920,1,1,0,1.0
3921,2,1,1,1.0
3922,7,16,-9,0.0
3923,23,12,11,1.0
3924,6,2,4,1.0
3925,5,2,3,1.0
3926,1,0,1,1.0
3927,0,0,0,1.0
3928,1,2,-1,0.0
3929,3,1,2,1.0
3930,0,0,0,1.0
3931,5,3,2,1.0
3932,4,2,2,1.0
3933,3,3,0,1.0
3934,7,9,-2,0.0
3935,1,1,0,1.0
3936,19,19,0,1.0
3937,4,4,0,1.0
3938,3,2,1,1.0
3939,3,1,2,1.0
3940,5,3,2,1.0
3941,2,3,-1,0.0
3942,3,2,1,1.0
3943,2,2,0,1.0
3944,1,3,-2,0.0
3945,2,0,2,1.0
3946,0,0,0,1.0
3947,6,1,5,1.0
3948,5,11,-6,0.0
3949,3,3,0,1.0
3950,4,2,2,1.0
3951,8,2,6,1.0
3952,0,0,0,1.0
3953,10,3,7,1.0
3954,3,2,1,1.0
3955,12,6,6,1.0
3956,4,7,-3,0.0
3957,4,6,-2,0.0
3958,26,14,12,1.0
3959,14,7,7,1.0
3960,5,3,2,1.0
3961,22,17,5,1.0
3962,18,10,8,1.0
3963,0,1,-1,0.0
3964,5,3,2,1.0
3965,1,2,-1,0.0
3966,5,4,1,1.0
3967,6,7,-1,0.0
3968,1,2,-1,0.0
3969,22,15,7,1.0
3970,3,7,-4,0.0
3971,10,8,2,1.0
3972,10,5,5,1.0
3973,9,5,4,1.0
3974,20,27,-7,0.0
3975,9,6,3,1.0
3976,5,6,-1,0.0
3977,1,2,-1,0.0
3978,1,1,0,1.0
3979,5,2,3,1.0
3980,8,5,3,1.0
3981,20,15,5,1.0
3982,11,6,5,1.0
3983,14,13,1,1.0
3984,2,2,0,1.0
3985,9,11,-2,0.0
3986,15,9,6,1.0
3987,2,4,-2,0.0
3988,3,2,1,1.0
3989,6,6,0,1.0
3990,9,2,7,1.0
3991,3,2,1,1.0
3992,9,3,6,1.0
3993,14,12,2,1.0
3994,5,11,-6,0.0
3995,3,4,-1,0.0
3996,3,0,3,1.0
3997,17,15,2,1.0
3998,18,9,9,1.0
3999,15,10,5,1.0
4000,6,1,5,1.0
4001,18,17,1,1.0
4002,19,11,8,1.0
4003,9,7,2,1.0
4004,2,7,-5,0.0
4005,1,1,0,1.0
4006,12,9,3,1.0
4007,0,0,0,1.0
4008,16,10,6,1.0
4009,16,9,7,1.0
4010,15,10,5,1.0
4011,1,0,1,1.0
4012,11,7,4,1.0
4013,12,12,0,1.0
4014,3,0,3,1.0
4015,4,3,1,1.0
4016,9,4,5,1.0
4017,12,13,-1,0.0
4018,1,0,1,1.0
4019,21,14,7,1.0
4020,2,2,0,1.0
4021,4,0,4,1.0
4022,22,24,-2,0.0
4023,4,3,1,1.0
4024,18,11,7,1.0
4025,2,1,1,1.0
4026,9,7,2,1.0
4027,16,13,3,1.0
4028,19,21,-2,0.0
4029,6,5,1,1.0
4030,2,1,1,1.0
4031,4,2,2,1.0
4032,7,11,-4,0.0
4033,7,0,7,1.0
4034,34,24,10,1.0
4035,5,9,-4,0.0
4036,14,23,-9,0.0
4037,30,19,11,1.0
4038,5,7,-2,0.0
4039,4,2,2,1.0
4040,2,1,1,1.0
4041,3,7,-4,0.0
4042,2,1,1,1.0
4043,4,8,-4,0.0
4044,8,2,6,1.0
4045,8,5,3,1.0
4046,9,6,3,1.0
4047,7,11,-4,0.0
4048,19,10,9,1.0
4049,21,13,8,1.0
4050,16,15,1,1.0
4051,8,5,3,1.0
4052,11,11,0,1.0
4053,13,12,1,1.0
4054,3,5,-2,0.0
4055,7,10,-3,0.0
4056,18,16,2,1.0
4057,0,0,0,1.0
4058,5,6,-1,0.0
4059,7,4,3,1.0
4060,3,4,-1,0.0
4061,5,0,5,1.0
4062,23,23,0,1.0
4063,5,1,4,1.0
4064,1,4,-3,0.0
4065,6,4,2,1.0
4066,20,18,2,1.0
4067,5,4,1,1.0
4068,8,6,2,1.0
4069,9,4,5,1.0
4070,7,14,-7,0.0
4071,16,13,3,1.0
4072,17,13,4,1.0
4073,12,8,4,1.0
4074,11,14,-3,0.0
4075,1,4,-3,0.0
4076,7,5,2,1.0
4077,6,3,3,1.0
4078,12,10,2,1.0
4079,5,1,4,1.0
4080,4,3,1,1.0
4081,1,2,-1,0.0
4082,5,7,-2,0.0
4083,0,1,-1,0.0
4084,10,5,5,1.0
4085,0,0,0,1.0
4086,36,25,11,1.0
4087,24,29,-5,0.0
4088,20,13,7,1.0
4089,20,13,7,1.0
4090,4,4,0,1.0
4091,0,1,-1,0.0
4092,2,1,1,1.0
4093,9,5,4,1.0
4094,5,8,-3,0.0
4095,10,6,4,1.0
4096,20,28,-8,0.0
4097,9,4,5,1.0
4098,7,12,-5,0.0
4099,2,2,0,1.0
4100,0,4,-4,0.0
4101,6,6,0,1.0
4102,5,3,2,1.0
4103,11,11,0,1.0
4104,23,11,12,1.0
4105,0,2,-2,0.0
4106,12,7,5,1.0
4107,6,5,1,1.0
4108,9,1,8,1.0
4109,7,3,4,1.0
4110,2,0,2,1.0
4111,1,3,-2,0.0
4112,3,0,3,1.0
4113,5,0,5,1.0
4114,3,1,2,1.0
4115,1,3,-2,0.0
4116,7,4,3,1.0
4117,10,13,-3,0.0
4118,5,0,5,1.0
4119,3,3,0,1.0
4120,6,9,-3,0.0
4121,6,0,6,1.0
4122,13,7,6,1.0
4123,1,4,-3,0.0
4124,1,1,0,1.0
4125,30,48,-18,0.0
4126,5,3,2,1.0
4127,9,15,-6,0.0
4128,6,5,1,1.0
4129,10,6,4,1.0
4130,2,0,2,1.0
4131,5,11,-6,0.0
4132,9,9,0,1.0
4133,9,11,-2,0.0
4134,17,22,-5,0.0
4135,7,10,-3,0.0
4136,21,17,4,1.0
4137,13,10,3,1.0
4138,4,1,3,1.0
4139,1,1,0,1.0
4140,5,6,-1,0.0
4141,0,0,0,1.0
4142,2,0,2,1.0
4143,3,2,1,1.0
4144,1,2,-1,0.0
4145,4,3,1,1.0
4146,5,5,0,1.0
4147,6,6,0,1.0
4148,2,2,0,1.0
4149,4,3,1,1.0
4150,14,13,1,1.0
4151,9,12,-3,0.0
4152,18,7,11,1.0
4153,2,0,2,1.0
4154,13,10,3,1.0
4155,22,14,8,1.0
4156,8,6,2,1.0
4157,18,20,-2,0.0
4158,1,0,1,1.0
4159,2,0,2,1.0
4160,16,14,2,1.0
4161,19,13,6,1.0
4162,18,20,-2,0.0
4163,5,3,2,1.0
4164,9,9,0,1.0
4165,11,16,-5,0.0
4166,7,8,-1,0.0
4167,6,11,-5,0.0
4168,16,11,5,1.0
4169,0,0,0,1.0
4170,5,2,3,1.0
4171,16,13,3,1.0
4172,6,2,4,1.0
4173,2,2,0,1.0
4174,5,4,1,1.0
4175,6,0,6,1.0
4176,1,2,-1,0.0
4177,9,6,3,1.0
4178,2,1,1,1.0
4179,0,0,0,1.0
4180,14,11,3,1.0
4181,8,13,-5,0.0
4182,33,14,19,1.0
4183,0,0,0,1.0
4184,5,5,0,1.0
4185,10,8,2,1.0
4186,15,12,3,1.0
4187,13,11,2,1.0
4188,3,1,2,1.0
4189,0,3,-3,0.0
4190,12,9,3,1.0
4191,0,0,0,1.0
4192,0,2,-2,0.0
4193,12,14,-2,0.0
4194,12,8,4,1.0
4195,22,26,-4,0.0
4196,0,2,-2,0.0
4197,0,1,-1,0.0
4198,2,0,2,1.0
4199,3,5,-2,0.0
4200,1,1,0,1.0
4201,6,7,-1,0.0
4202,15,13,2,1.0
4203,2,2,0,1.0
4204,1,1,0,1.0
4205,14,18,-4,0.0
4206,12,8,4,1.0
4207,1,2,-1,0.0
4208,0,0,0,1.0
4209,13,8,5,1.0
4210,1,1,0,1.0
4211,24,22,2,1.0
4212,24,19,5,1.0
4213,0,2,-2,0.0
4214,4,2,2,1.0
4215,23,15,8,1.0
4216,6,6,0,1.0
4217,19,18,1,1.0
4218,33,14,19,1.0
4219,1,0,1,1.0
4220,7,5,2,1.0
4221,2,2,0,1.0
4222,25,16,9,1.0
4223,0,0,0,1.0
4224,6,7,-1,0.0
4225,8,9,-1,0.0
4226,10,4,6,1.0
4227,3,5,-2,0.0
4228,1,2,-1,0.0
4229,6,4,2,1.0
4230,4,4,0,1.0
4231,0,0,0,1.0
4232,8,12,-4,0.0
4233,0,1,-1,0.0
4234,9,8,1,1.0
4235,4,8,-4,0.0
4236,0,0,0,1.0
4237,6,3,3,1.0
4238,5,8,-3,0.0
4239,4,1,3,1.0
4240,0,5,-5,0.0
4241,1,0,1,1.0
4242,19,12,7,1.0
4243,14,7,7,1.0
4244,7,3,4,1.0
4245,1,0,1,1.0
4246,21,8,13,1.0
4247,7,1,6,1.0
4248,2,4,-2,0.0
4249,6,4,2,1.0
4250,7,5,2,1.0
4251,5,4,1,1.0
4252,6,1,5,1.0
4253,1,1,0,1.0
4254,5,0,5,1.0
4255,1,0,1,1.0
4256,32,18,14,1.0
4257,21,11,10,1.0
4258,8,8,0,1.0
4259,1,0,1,1.0
4260,4,1,3,1.0
4261,3,2,1,1.0
4262,12,7,5,1.0
4263,16,17,-1,0.0
4264,5,11,-6,0.0
4265,4,1,3,1.0
4266,26,15,11,1.0
4267,5,2,3,1.0
4268,2,2,0,1.0
4269,4,6,-2,0.0
4270,8,1,7,1.0
4271,3,3,0,1.0
4272,0,0,0,1.0
4273,9,9,0,1.0
4274,5,2,3,1.0
4275,3,11,-8,0.0
4276,1,1,0,1.0
4277,2,2,0,1.0
4278,1,1,0,1.0
4279,7,4,3,1.0
4280,4,3,1,1.0
4281,2,2,0,1.0
4282,4,4,0,1.0
4283,4,3,1,1.0
4284,1,2,-1,0.0
4285,5,1,4,1.0
4286,23,10,13,1.0
4287,10,3,7,1.0
4288,0,0,0,1.0
4289,3,3,0,1.0
4290,8,2,6,1.0
4291,4,2,2,1.0
4292,0,1,-1,0.0
4293,7,3,4,1.0
4294,6,3,3,1.0
4295,3,2,1,1.0
4296,3,7,-4,0.0
4297,0,1,-1,0.0
4298,11,3,8,1.0
4299,1,1,0,1.0
4300,3,3,0,1.0
4301,0,0,0,1.0
4302,7,7,0,1.0
4303,12,4,8,1.0
4304,4,9,-5,0.0
4305,0,0,0,1.0
4306,14,4,10,1.0
4307,8,11,-3,0.0
4308,24,16,8,1.0
4309,10,9,1,1.0
4310,42,37,5,1.0
4311,2,5,-3,0.0
4312,0,0,0,1.0
4313,0,0,0,1.0
4314,1,1,0,1.0
4315,1,1,0,1.0
4316,35,46,-11,0.0
4317,5,1,4,1.0
4318,13,8,5,1.0
4319,3,5,-2,0.0
4320,5,10,-5,0.0
4321,8,5,3,1.0
4322,5,1,4,1.0
4323,0,0,0,1.0
4324,8,9,-1,0.0
4325,12,4,8,1.0
4326,9,2,7,1.0
4327,24,36,-12,0.0
4328,10,12,-2,0.0
4329,2,6,-4,0.0
4330,4,5,-1,0.0
4331,3,2,1,1.0
4332,11,14,-3,0.0
4333,14,13,1,1.0
4334,1,5,-4,0.0
4335,16,9,7,1.0
4336,5,11,-6,0.0
4337,1,1,0,1.0
4338,18,25,-7,0.0
4339,5,6,-1,0.0
4340,4,7,-3,0.0
4341,2,6,-4,0.0
4342,6,25,-19,0.0
4343,2,0,2,1.0
4344,22,23,-1,0.0
4345,9,8,1,1.0
4346,4,3,1,1.0
4347,4,3,1,1.0
4348,27,25,2,1.0
4349,7,4,3,1.0
4350,0,0,0,1.0
4351,33,47,-14,0.0
4352,5,3,2,1.0
4353,7,13,-6,0.0
4354,0,0,0,1.0
4355,8,15,-7,0.0
4356,25,36,-11,0.0
4357,3,5,-2,0.0
4358,0,0,0,1.0
4359,2,1,1,1.0
4360,22,25,-3,0.0
4361,0,0,0,1.0
4362,6,2,4,1.0
4363,1,1,0,1.0
4364,3,5,-2,0.0
4365,5,5,0,1.0
4366,6,3,3,1.0
4367,6,4,2,1.0
4368,15,24,-9,0.0
4369,0,1,-1,0.0
4370,21,14,7,1.0
4371,4,4,0,1.0
4372,4,12,-8,0.0
4373,0,2,-2,0.0
4374,4,0,4,1.0
4375,12,3,9,1.0
4376,5,4,1,1.0
4377,0,0,0,1.0
4378,5,13,-8,0.0
4379,3,3,0,1.0
4380,7,5,2,1.0
4381,5,6,-1,0.0
4382,7,11,-4,0.0
4383,5,5,0,1.0
4384,7,6,1,1.0
4385,3,2,1,1.0
4386,14,13,1,1.0
4387,9,5,4,1.0
4388,2,1,1,1.0
4389,1,0,1,1.0
4390,7,7,0,1.0
4391,16,15,1,1.0
4392,5,4,1,1.0
4393,0,0,0,1.0
4394,17,19,-2,0.0
4395,2,3,-1,0.0
4396,1,0,1,1.0
4397,14,15,-1,0.0
4398,13,6,7,1.0
4399,9,4,5,1.0
4400,0,0,0,1.0
4401,6,2,4,1.0
4402,7,7,0,1.0
4403,4,3,1,1.0
4404,2,0,2,1.0
4405,14,8,6,1.0
4406,6,5,1,1.0
4407,3,3,0,1.0
4408,3,5,-2,0.0
4409,4,1,3,1.0
4410,11,5,6,1.0
4411,3,2,1,1.0
4412,17,20,-3,0.0
4413,10,8,2,1.0
4414,4,1,3,1.0
4415,5,0,5,1.0
4416,2,1,1,1.0
4417,1,3,-2,0.0
4418,13,13,0,1.0
4419,6,11,-5,0.0
4420,17,6,11,1.0
4421,5,11,-6,0.0
4422,2,1,1,1.0
4423,4,3,1,1.0
4424,13,11,2,1.0
4425,1,0,1,1.0
4426,4,1,3,1.0
4427,12,2,10,1.0
4428,18,13,5,1.0
4429,7,6,1,1.0
4430,7,8,-1,0.0
4431,4,0,4,1.0
4432,3,0,3,1.0
4433,2,2,0,1.0
4434,0,3,-3,0.0
4435,1,3,-2,0.0
4436,1,2,-1,0.0
4437,7,9,-2,0.0
4438,1,3,-2,0.0
4439,0,0,0,1.0
4440,2,5,-3,0.0
4441,4,1,3,1.0
4442,0,1,-1,0.0
4443,0,5,-5,0.0
4444,12,8,4,1.0
4445,0,1,-1,0.0
4446,15,20,-5,0.0
4447,14,2,12,1.0
4448,0,1,-1,0.0
4449,3,7,-4,0.0
4450,2,0,2,1.0
4451,1,1,0,1.0
4452,1,1,0,1.0
4453,11,10,1,1.0
4454,24,14,10,1.0
4455,10,16,-6,0.0
4456,1,3,-2,0.0
4457,4,1,3,1.0
4458,6,10,-4,0.0
4459,3,6,-3,0.0
4460,5,3,2,1.0
4461,20,13,7,1.0
4462,11,9,2,1.0
4463,7,9,-2,0.0
4464,5,7,-2,0.0
4465,5,1,4,1.0
4466,4,5,-1,0.0
4467,8,5,3,1.0
4468,7,2,5,1.0
4469,6,5,1,1.0
4470,3,1,2,1.0
4471,13,6,7,1.0
4472,8,5,3,1.0
4473,3,6,-3,0.0
4474,22,17,5,1.0
4475,0,1,-1,0.0
4476,6,3,3,1.0
4477,6,5,1,1.0
4478,6,13,-7,0.0
4479,3,2,1,1.0
4480,3,2,1,1.0
4481,2,3,-1,0.0
4482,0,0,0,1.0
4483,6,3,3,1.0
4484,2,5,-3,0.0
4485,8,5,3,1.0
4486,6,2,4,1.0
4487,1,2,-1,0.0
4488,30,17,13,1.0
4489,1,2,-1,0.0
4490,3,4,-1,0.0
4491,9,4,5,1.0
4492,7,8,-1,0.0
4493,7,8,-1,0.0
4494,7,9,-2,0.0
4495,3,0,3,1.0
4496,19,12,7,1.0
4497,9,1,8,1.0
4498,1,2,-1,0.0
4499,1,2,-1,0.0
4500,15,6,9,1.0
4501,16,35,-19,0.0
4502,9,10,-1,0.0
4503,21,8,13,1.0
4504,14,15,-1,0.0
4505,7,7,0,1.0
4506,6,9,-3,0.0
4507,2,0,2,1.0
4508,1,0,1,1.0
4509,1,2,-1,0.0
4510,5,7,-2,0.0
4511,5,9,-4,0.0
4512,14,16,-2,0.0
4513,1,0,1,1.0
4514,6,6,0,1.0
4515,1,3,-2,0.0
4516,25,39,-14,0.0
4517,1,1,0,1.0
4518,15,26,-11,0.0
4519,20,6,14,1.0
4520,6,6,0,1.0
4521,12,11,1,1.0
4522,15,5,10,1.0
4523,11,7,4,1.0
4524,5,8,-3,0.0
4525,4,4,0,1.0
4526,2,3,-1,0.0
4527,1,6,-5,0.0
4528,4,4,0,1.0
4529,6,5,1,1.0
4530,2,2,0,1.0
4531,7,7,0,1.0
4532,1,1,0,1.0
4533,0,2,-2,0.0
4534,22,23,-1,0.0
4535,13,17,-4,0.0
4536,2,7,-5,0.0
4537,6,10,-4,0.0
4538,23,11,12,1.0
4539,2,3,-1,0.0
4540,5,8,-3,0.0
4541,20,9,11,1.0
4542,0,1,-1,0.0
4543,5,2,3,1.0
4544,1,0,1,1.0
4545,15,3,12,1.0
4546,17,12,5,1.0
4547,4,2,2,1.0
4548,4,3,1,1.0
4549,5,4,1,1.0
4550,0,0,0,1.0
4551,9,1,8,1.0
4552,0,0,0,1.0
4553,9,11,-2,0.0
4554,9,15,-6,0.0
4555,18,9,9,1.0
4556,0,0,0,1.0
4557,4,2,2,1.0
4558,2,1,1,1.0
4559,15,26,-11,0.0
4560,11,16,-5,0.0
4561,5,4,1,1.0
4562,12,7,5,1.0
4563,7,7,0,1.0
4564,4,3,1,1.0
4565,2,3,-1,0.0
4566,0,0,0,1.0
4567,18,19,-1,0.0
4568,10,10,0,1.0
4569,3,6,-3,0.0
4570,28,26,2,1.0
4571,1,1,0,1.0
4572,3,5,-2,0.0
4573,7,8,-1,0.0
4574,5,5,0,1.0
4575,32,46,-14,0.0
4576,8,7,1,1.0
4577,22,28,-6,0.0
4578,19,16,3,1.0
4579,10,4,6,1.0
4580,23,20,3,1.0
4581,5,2,3,1.0
4582,0,8,-8,0.0
4583,5,7,-2,0.0
4584,16,9,7,1.0
4585,8,7,1,1.0
4586,15,20,-5,0.0
4587,17,33,-16,0.0
4588,10,13,-3,0.0
4589,4,18,-14,0.0
4590,14,8,6,1.0
4591,14,9,5,1.0
4592,9,9,0,1.0
4593,8,9,-1,0.0
4594,10,7,3,1.0
4595,9,10,-1,0.0
4596,8,7,1,1.0
4597,5,4,1,1.0
4598,9,9,0,1.0
4599,3,4,-1,0.0
4600,4,3,1,1.0
4601,18,18,0,1.0
4602,9,6,3,1.0
4603,24,21,3,1.0
4604,21,30,-9,0.0
4605,1,3,-2,0.0
4606,3,6,-3,0.0
4607,7,4,3,1.0
4608,1,0,1,1.0
4609,0,1,-1,0.0
4610,2,0,2,1.0
4611,10,4,6,1.0
4612,1,4,-3,0.0
4613,3,3,0,1.0
4614,4,2,2,1.0
4615,8,9,-1,0.0
4616,26,20,6,1.0
4617,10,14,-4,0.0
4618,16,23,-7,0.0
4619,21,8,13,1.0
4620,10,9,1,1.0
4621,3,5,-2,0.0
4622,2,7,-5,0.0
4623,2,1,1,1.0
4624,17,16,1,1.0
4625,8,4,4,1.0
4626,1,0,1,1.0
4627,2,0,2,1.0
4628,13,18,-5,0.0
4629,2,0,2,1.0
4630,9,8,1,1.0
4631,7,4,3,1.0
4632,0,1,-1,0.0
4633,5,7,-2,0.0
4634,18,26,-8,0.0
4635,4,4,0,1.0
4636,3,1,2,1.0
4637,6,5,1,1.0
4638,9,15,-6,0.0
4639,3,5,-2,0.0
4640,5,6,-1,0.0
4641,2,4,-2,0.0
4642,12,9,3,1.0
4643,3,1,2,1.0
4644,5,0,5,1.0
4645,2,1,1,1.0
4646,2,0,2,1.0
4647,5,3,2,1.0
4648,7,4,3,1.0
4649,11,10,1,1.0
4650,13,11,2,1.0
4651,10,8,2,1.0
4652,14,17,-3,0.0
4653,6,6,0,1.0
4654,0,1,-1,0.0
4655,17,9,8,1.0
4656,1,10,-9,0.0
4657,1,4,-3,0.0
4658,6,2,4,1.0
4659,13,19,-6,0.0
4660,1,4,-3,0.0
4661,4,4,0,1.0
4662,36,36,0,1.0
4663,8,9,-1,0.0
4664,19,14,5,1.0
4665,9,15,-6,0.0
4666,1,0,1,1.0
4667,3,2,1,1.0
4668,3,3,0,1.0
4669,12,11,1,1.0
4670,10,6,4,1.0
4671,15,27,-12,0.0
4672,4,4,0,1.0
4673,2,1,1,1.0
4674,14,26,-12,0.0
4675,7,7,0,1.0
4676,2,2,0,1.0
4677,2,0,2,1.0
4678,5,2,3,1.0
4679,9,5,4,1.0
4680,2,3,-1,0.0
4681,21,16,5,1.0
4682,2,4,-2,0.0
4683,25,22,3,1.0
4684,2,0,2,1.0
4685,3,12,-9,0.0
4686,3,4,-1,0.0
4687,3,1,2,1.0
4688,0,0,0,1.0
4689,2,3,-1,0.0
4690,18,18,0,1.0
4691,9,12,-3,0.0
4692,15,26,-11,0.0
4693,8,4,4,1.0
4694,5,6,-1,0.0
4695,1,6,-5,0.0
4696,6,11,-5,0.0
4697,4,0,4,1.0
4698,3,10,-7,0.0
4699,8,2,6,1.0
4700,5,4,1,1.0
4701,34,24,10,1.0
4702,3,0,3,1.0
4703,7,8,-1,0.0
4704,1,0,1,1.0
4705,4,5,-1,0.0
4706,2,1,1,1.0
4707,3,1,2,1.0
4708,29,22,7,1.0
4709,8,8,0,1.0
4710,0,0,0,1.0
4711,0,1,-1,0.0
4712,7,3,4,1.0
4713,2,5,-3,0.0
4714,0,0,0,1.0
4715,3,3,0,1.0
4716,5,3,2,1.0
4717,4,0,4,1.0
4718,16,14,2,1.0
4719,0,0,0,1.0
4720,0,3,-3,0.0
4721,8,15,-7,0.0
4722,1,2,-1,0.0
4723,4,2,2,1.0
4724,11,11,0,1.0
4725,2,6,-4,0.0
4726,4,1,3,1.0
4727,4,1,3,1.0
4728,14,12,2,1.0
4729,2,1,1,1.0
4730,6,5,1,1.0
4731,6,5,1,1.0
4732,18,8,10,1.0
4733,6,3,3,1.0
4734,3,2,1,1.0
4735,11,6,5,1.0
4736,2,6,-4,0.0
4737,4,2,2,1.0
4738,5,3,2,1.0
4739,8,5,3,1.0
4740,4,3,1,1.0
4741,9,9,0,1.0
4742,20,13,7,1.0
4743,28,27,1,1.0
4744,1,0,1,1.0
4745,3,2,1,1.0
4746,10,15,-5,0.0
4747,12,16,-4,0.0
4748,3,2,1,1.0
4749,0,0,0,1.0
4750,7,5,2,1.0
4751,3,2,1,1.0
4752,10,3,7,1.0
4753,1,1,0,1.0
4754,6,2,4,1.0
4755,38,32,6,1.0
4756,4,3,1,1.0
4757,0,5,-5,0.0
4758,6,6,0,1.0
4759,0,1,-1,0.0
4760,1,3,-2,0.0
4761,13,5,8,1.0
4762,3,2,1,1.0
4763,11,4,7,1.0
4764,6,6,0,1.0
4765,3,3,0,1.0
4766,8,9,-1,0.0
4767,1,3,-2,0.0
4768,20,34,-14,0.0
4769,7,9,-2,0.0
4770,1,4,-3,0.0
4771,10,6,4,1.0
4772,4,4,0,1.0
4773,3,2,1,1.0
4774,11,11,0,1.0
4775,7,11,-4,0.0
4776,11,9,2,1.0
4777,5,3,2,1.0
4778,2,1,1,1.0
4779,6,6,0,1.0
4780,4,3,1,1.0
4781,5,7,-2,0.0
4782,4,1,3,1.0
4783,2,1,1,1.0
4784,24,21,3,1.0
4785,2,5,-3,0.0
4786,3,3,0,1.0
4787,4,9,-5,0.0
4788,6,3,3,1.0
4789,4,9,-5,0.0
4790,5,2,3,1.0
4791,5,3,2,1.0
4792,15,22,-7,0.0
4793,5,2,3,1.0
4794,3,5,-2,0.0
4795,8,10,-2,0.0
4796,2,3,-1,0.0
4797,2,2,0,1.0
4798,10,8,2,1.0
4799,0,0,0,1.0
4800,3,3,0,1.0
4801,9,10,-1,0.0
4802,12,14,-2,0.0
4803,17,12,5,1.0
4804,18,16,2,1.0
4805,11,7,4,1.0
4806,8,8,0,1.0
4807,2,1,1,1.0
4808,5,3,2,1.0
4809,7,4,3,1.0
4810,4,7,-3,0.0
4811,2,0,2,1.0
4812,4,4,0,1.0
4813,13,3,10,1.0
4814,1,3,-2,0.0
4815,17,9,8,1.0
4816,3,2,1,1.0
4817,7,7,0,1.0
4818,5,3,2,1.0
4819,16,12,4,1.0
4820,0,2,-2,0.0
4821,4,6,-2,0.0
4822,0,3,-3,0.0
4823,3,3,0,1.0
4824,10,5,5,1.0
4825,7,9,-2,0.0
4826,9,16,-7,0.0
4827,1,2,-1,0.0
4828,38,21,17,1.0
4829,9,9,0,1.0
4830,9,9,0,1.0
4831,11,4,7,1.0
4832,1,0,1,1.0
4833,10,5,5,1.0
4834,5,3,2,1.0
4835,3,2,1,1.0
4836,8,4,4,1.0
4837,1,1,0,1.0
4838,2,0,2,1.0
4839,4,1,3,1.0
4840,3,3,0,1.0
4841,11,4,7,1.0
4842,0,0,0,1.0
4843,13,13,0,1.0
4844,2,6,-4,0.0
4845,5,3,2,1.0
4846,1,0,1,1.0
4847,10,9,1,1.0
4848,5,4,1,1.0
4849,1,2,-1,0.0
4850,14,2,12,1.0
4851,2,5,-3,0.0
4852,8,14,-6,0.0
4853,11,6,5,1.0
4854,4,11,-7,0.0
4855,3,1,2,1.0
4856,11,5,6,1.0
4857,6,1,5,1.0
4858,2,3,-1,0.0
4859,19,22,-3,0.0
4860,1,2,-1,0.0
4861,4,7,-3,0.0
4862,7,7,0,1.0
4863,0,0,0,1.0
4864,15,20,-5,0.0
4865,16,23,-7,0.0
4866,1,1,0,1.0
4867,7,6,1,1.0
4868,3,6,-3,0.0
4869,2,2,0,1.0
4870,4,1,3,1.0
4871,5,2,3,1.0
4872,9,10,-1,0.0
4873,13,8,5,1.0
4874,2,1,1,1.0
4875,7,2,5,1.0
4876,14,25,-11,0.0
4877,4,5,-1,0.0
4878,3,3,0,1.0
4879,4,8,-4,0.0
4880,5,1,4,1.0
4881,4,2,2,1.0
4882,8,4,4,1.0
4883,2,2,0,1.0
4884,6,3,3,1.0
4885,27,20,7,1.0
4886,2,0,2,1.0
4887,2,1,1,1.0
4888,8,8,0,1.0
4889,22,12,10,1.0
4890,3,5,-2,0.0
4891,4,2,2,1.0
4892,6,8,-2,0.0
4893,18,20,-2,0.0
4894,31,19,12,1.0
4895,0,3,-3,0.0
4896,9,8,1,1.0
4897,15,9,6,1.0
4898,6,7,-1,0.0
4899,13,8,5,1.0
4900,8,3,5,1.0
4901,10,11,-1,0.0
4902,5,3,2,1.0
4903,17,20,-3,0.0
4904,15,11,4,1.0
4905,6,2,4,1.0
4906,6,7,-1,0.0
4907,12,10,2,1.0
4908,23,24,-1,0.0
4909,16,24,-8,0.0
4910,5,11,-6,0.0
4911,10,7,3,1.0
4912,16,9,7,1.0
4913,6,3,3,1.0
4914,1,0,1,1.0
4915,11,6,5,1.0
4916,5,3,2,1.0
4917,3,0,3,1.0
4918,10,16,-6,0.0
4919,9,5,4,1.0
4920,15,19,-4,0.0
4921,11,4,7,1.0
4922,0,0,0,1.0
4923,2,1,1,1.0
4924,6,8,-2,0.0
4925,8,14,-6,0.0
4926,13,8,5,1.0
4927,9,8,1,1.0
4928,0,0,0,1.0
4929,8,9,-1,0.0
4930,1,0,1,1.0
4931,5,5,0,1.0
4932,7,8,-1,0.0
4933,4,3,1,1.0
4934,3,1,2,1.0
4935,1,0,1,1.0
4936,3,0,3,1.0
4937,2,2,0,1.0
4938,1,2,-1,0.0
4939,5,7,-2,0.0
4940,0,1,-1,0.0
4941,4,5,-1,0.0
4942,1,3,-2,0.0
4943,0,0,0,1.0
4944,2,2,0,1.0
4945,0,5,-5,0.0
4946,3,3,0,1.0
4947,6,1,5,1.0
4948,11,16,-5,0.0
4949,0,2,-2,0.0
4950,7,7,0,1.0
4951,6,0,6,1.0
4952,4,1,3,1.0
4953,8,11,-3,0.0
4954,1,2,-1,0.0
4955,0,1,-1,0.0
4956,2,1,1,1.0
4957,6,6,0,1.0
4958,5,1,4,1.0
4959,0,0,0,1.0
4960,4,8,-4,0.0
4961,17,13,4,1.0
4962,1,0,1,1.0
4963,8,18,-10,0.0
4964,1,2,-1,0.0
4965,7,0,7,1.0
4966,8,7,1,1.0
4967,17,11,6,1.0
4968,10,9,1,1.0
4969,2,6,-4,0.0
4970,2,3,-1,0.0
4971,11,3,8,1.0
4972,5,4,1,1.0
4973,12,5,7,1.0
4974,2,3,-1,0.0
4975,12,12,0,1.0
4976,6,6,0,1.0
4977,11,10,1,1.0
4978,6,5,1,1.0
4979,21,23,-2,0.0
4980,5,4,1,1.0
4981,0,0,0,1.0
4982,6,2,4,1.0
4983,0,0,0,1.0
4984,14,15,-1,0.0
4985,1,2,-1,0.0
4986,0,0,0,1.0
4987,4,2,2,1.0
4988,5,6,-1,0.0
4989,2,1,1,1.0
4990,9,4,5,1.0
4991,3,5,-2,0.0
4992,6,2,4,1.0
4993,7,3,4,1.0
4994,3,0,3,1.0
4995,18,12,6,1.0
4996,5,2,3,1.0
4997,2,1,1,1.0
4998,0,1,-1,0.0
4999,7,11,-4,0.0
5000,2,1,1,1.0
5001,4,12,-8,0.0
5002,2,5,-3,0.0
5003,3,7,-4,0.0
5004,15,10,5,1.0
5005,0,1,-1,0.0
5006,3,1,2,1.0
5007,10,15,-5,0.0
5008,4,5,-1,0.0
5009,1,2,-1,0.0
5010,10,8,2,1.0
5011,5,1,4,1.0
5012,2,2,0,1.0
5013,10,4,6,1.0
5014,3,1,2,1.0
5015,2,1,1,1.0
5016,7,13,-6,0.0
5017,6,7,-1,0.0
5018,0,0,0,1.0
5019,4,9,-5,0.0
5020,0,2,-2,0.0
5021,9,9,0,1.0
5022,0,2,-2,0.0
5023,6,1,5,1.0
5024,7,12,-5,0.0
5025,5,7,-2,0.0
5026,5,7,-2,0.0
5027,1,1,0,1.0
5028,8,7,1,1.0
5029,13,8,5,1.0
5030,3,5,-2,0.0
5031,7,4,3,1.0
5032,14,4,10,1.0
5033,12,16,-4,0.0
5034,5,9,-4,0.0
5035,10,19,-9,0.0
5036,3,3,0,1.0
5037,1,4,-3,0.0
5038,7,3,4,1.0
5039,2,1,1,1.0
5040,2,1,1,1.0
5041,21,13,8,1.0
5042,0,0,0,1.0
5043,6,2,4,1.0
5044,0,0,0,1.0
5045,0,0,0,1.0
5046,0,0,0,1.0
5047,7,12,-5,0.0
5048,7,3,4,1.0
5049,9,4,5,1.0
5050,14,12,2,1.0
5051,8,3,5,1.0
5052,4,6,-2,0.0
5053,0,2,-2,0.0
5054,5,5,0,1.0
5055,1,1,0,1.0
5056,1,2,-1,0.0
5057,3,4,-1,0.0
5058,3,2,1,1.0
5059,15,9,6,1.0
5060,4,1,3,1.0
5061,8,3,5,1.0
5062,23,22,1,1.0
5063,5,1,4,1.0
5064,3,8,-5,0.0
5065,1,2,-1,0.0
5066,9,1,8,1.0
5067,2,4,-2,0.0
5068,12,10,2,1.0
5069,16,12,4,1.0
5070,3,2,1,1.0
5071,2,4,-2,0.0
5072,3,2,1,1.0
5073,2,8,-6,0.0
5074,26,18,8,1.0
5075,4,1,3,1.0
5076,1,0,1,1.0
5077,3,3,0,1.0
5078,7,7,0,1.0
5079,0,2,-2,0.0
5080,3,4,-1,0.0
5081,7,6,1,1.0
5082,2,6,-4,0.0
5083,2,4,-2,0.0
5084,6,1,5,1.0
5085,1,3,-2,0.0
5086,20,22,-2,0.0
5087,12,11,1,1.0
5088,17,28,-11,0.0
5089,2,1,1,1.0
5090,4,3,1,1.0
5091,8,9,-1,0.0
5092,1,2,-1,0.0
5093,0,0,0,1.0
5094,14,12,2,1.0
5095,11,10,1,1.0
5096,4,8,-4,0.0
5097,11,9,2,1.0
5098,0,1,-1,0.0
5099,3,3,0,1.0
5100,2,9,-7,0.0
5101,1,2,-1,0.0
5102,11,25,-14,0.0
5103,1,0,1,1.0
5104,4,0,4,1.0
5105,3,1,2,1.0
5106,4,1,3,1.0
5107,0,4,-4,0.0
5108,1,1,0,1.0
5109,12,17,-5,0.0
5110,1,0,1,1.0
5111,5,0,5,1.0
5112,22,16,6,1.0
5113,5,7,-2,0.0
5114,9,1,8,1.0
5115,0,0,0,1.0
5116,0,0,0,1.0
5117,1,0,1,1.0
5118,11,5,6,1.0
5119,4,2,2,1.0
5120,14,10,4,1.0
5121,30,28,2,1.0
5122,9,8,1,1.0
5123,9,14,-5,0.0
5124,4,2,2,1.0
5125,2,2,0,1.0
5126,5,2,3,1.0
5127,6,10,-4,0.0
5128,13,8,5,1.0
5129,1,2,-1,0.0
5130,12,12,0,1.0
5131,4,2,2,1.0
5132,0,0,0,1.0
5133,6,5,1,1.0
5134,11,16,-5,0.0
5135,2,13,-11,0.0
5136,1,1,0,1.0
5137,4,6,-2,0.0
5138,5,4,1,1.0
5139,22,28,-6,0.0
5140,1,3,-2,0.0
5141,7,11,-4,0.0
5142,7,5,2,1.0
5143,3,5,-2,0.0
5144,4,3,1,1.0
5145,6,1,5,1.0
5146,3,3,0,1.0
5147,4,1,3,1.0
5148,8,6,2,1.0
5149,5,1,4,1.0
5150,6,2,4,1.0
5151,4,2,2,1.0
5152,5,3,2,1.0
5153,1,0,1,1.0
5154,17,15,2,1.0
5155,17,17,0,1.0
5156,4,11,-7,0.0
5157,10,3,7,1.0
5158,7,16,-9,0.0
5159,0,0,0,1.0
5160,6,7,-1,0.0
5161,4,2,2,1.0
5162,6,7,-1,0.0
5163,5,1,4,1.0
5164,0,0,0,1.0
5165,14,28,-14,0.0
5166,7,12,-5,0.0
5167,11,7,4,1.0
5168,7,2,5,1.0
5169,5,3,2,1.0
5170,9,17,-8,0.0
5171,9,7,2,1.0
5172,15,18,-3,0.0
5173,3,1,2,1.0
5174,17,23,-6,0.0
5175,0,1,-1,0.0
5176,17,14,3,1.0
5177,15,23,-8,0.0
5178,2,0,2,1.0
5179,8,8,0,1.0
5180,20,13,7,1.0
5181,13,22,-9,0.0
5182,1,5,-4,0.0
5183,8,3,5,1.0
5184,9,11,-2,0.0
5185,0,0,0,1.0
5186,5,2,3,1.0
5187,1,0,1,1.0
5188,3,1,2,1.0
5189,14,17,-3,0.0
5190,7,8,-1,0.0
5191,13,19,-6,0.0
5192,4,4,0,1.0
5193,17,11,6,1.0
5194,3,5,-2,0.0
5195,3,4,-1,0.0
5196,8,5,3,1.0
5197,0,0,0,1.0
5198,2,5,-3,0.0
5199,22,14,8,1.0
5200,7,9,-2,0.0
5201,0,1,-1,0.0
5202,2,2,0,1.0
5203,8,8,0,1.0
5204,9,7,2,1.0
5205,2,3,-1,0.0
5206,6,0,6,1.0
5207,6,9,-3,0.0
5208,11,6,5,1.0
5209,5,4,1,1.0
5210,21,15,6,1.0
5211,8,9,-1,0.0
5212,5,6,-1,0.0
5213,14,20,-6,0.0
5214,11,9,2,1.0
5215,3,7,-4,0.0
5216,8,2,6,1.0
5217,6,3,3,1.0
5218,4,2,2,1.0
5219,3,1,2,1.0
5220,11,13,-2,0.0
5221,5,9,-4,0.0
5222,3,2,1,1.0
5223,14,18,-4,0.0
5224,9,12,-3,0.0
5225,5,7,-2,0.0
5226,17,16,1,1.0
5227,6,4,2,1.0
5228,8,4,4,1.0
5229,1,1,0,1.0
5230,13,13,0,1.0
5231,14,22,-8,0.0
5232,8,6,2,1.0
5233,13,24,-11,0.0
5234,15,21,-6,0.0
5235,2,1,1,1.0
5236,5,4,1,1.0
5237,9,3,6,1.0
5238,8,12,-4,0.0
5239,22,21,1,1.0
5240,8,8,0,1.0
5241,16,11,5,1.0
5242,2,2,0,1.0
5243,5,4,1,1.0
5244,10,7,3,1.0
5245,3,2,1,1.0
5246,9,6,3,1.0
5247,7,7,0,1.0
5248,7,6,1,1.0
5249,21,17,4,1.0
5250,15,8,7,1.0
5251,15,20,-5,0.0
5252,22,20,2,1.0
5253,11,8,3,1.0
5254,19,28,-9,0.0
5255,2,0,2,1.0
5256,4,4,0,1.0
5257,1,2,-1,0.0
5258,9,13,-4,0.0
5259,14,8,6,1.0
5260,0,3,-3,0.0
5261,14,6,8,1.0
5262,13,10,3,1.0
5263,6,14,-8,0.0
5264,21,24,-3,0.0
5265,1,1,0,1.0
5266,3,6,-3,0.0
5267,15,14,1,1.0
5268,16,19,-3,0.0
5269,1,3,-2,0.0
5270,2,3,-1,0.0
5271,5,8,-3,0.0
5272,12,22,-10,0.0
5273,10,15,-5,0.0
5274,6,2,4,1.0
5275,8,3,5,1.0
5276,1,0,1,1.0
5277,9,12,-3,0.0
5278,3,2,1,1.0
5279,4,8,-4,0.0
5280,6,11,-5,0.0
5281,4,2,2,1.0
5282,10,7,3,1.0
5283,5,11,-6,0.0
5284,19,12,7,1.0
5285,2,0,2,1.0
5286,3,3,0,1.0
5287,1,3,-2,0.0
5288,2,2,0,1.0
5289,3,1,2,1.0
5290,14,22,-8,0.0
5291,14,14,0,1.0
5292,6,10,-4,0.0
5293,4,4,0,1.0
5294,1,0,1,1.0
5295,7,7,0,1.0
5296,7,8,-1,0.0
5297,0,0,0,1.0
5298,3,0,3,1.0
5299,2,1,1,1.0
5300,4,5,-1,0.0
5301,20,17,3,1.0
5302,0,1,-1,0.0
5303,7,0,7,1.0
5304,4,6,-2,0.0
5305,1,0,1,1.0
5306,15,12,3,1.0
5307,7,1,6,1.0
5308,0,0,0,1.0
5309,9,7,2,1.0
5310,0,0,0,1.0
5311,4,4,0,1.0
5312,0,2,-2,0.0
5313,5,5,0,1.0
5314,0,0,0,1.0
5315,7,3,4,1.0
5316,6,7,-1,0.0
5317,13,6,7,1.0
5318,15,26,-11,0.0
5319,9,6,3,1.0
5320,1,0,1,1.0
5321,6,5,1,1.0
5322,8,0,8,1.0
5323,2,0,2,1.0
5324,2,2,0,1.0
5325,1,2,-1,0.0
5326,2,0,2,1.0
5327,25,25,0,1.0
5328,2,2,0,1.0
5329,1,4,-3,0.0
5330,0,0,0,1.0
5331,3,2,1,1.0
5332,7,4,3,1.0
5333,7,2,5,1.0
5334,8,2,6,1.0
5335,3,1,2,1.0
5336,16,11,5,1.0
5337,0,0,0,1.0
5338,15,9,6,1.0
5339,2,2,0,1.0
5340,1,0,1,1.0
5341,6,7,-1,0.0
5342,7,9,-2,0.0
5343,2,0,2,1.0
5344,8,4,4,1.0
5345,0,0,0,1.0
5346,4,2,2,1.0
5347,0,0,0,1.0
5348,9,3,6,1.0
5349,9,8,1,1.0
5350,0,0,0,1.0
5351,0,3,-3,0.0
5352,3,6,-3,0.0
5353,4,6,-2,0.0
5354,13,4,9,1.0
5355,12,18,-6,0.0
5356,3,2,1,1.0
5357,8,7,1,1.0
5358,5,11,-6,0.0
5359,3,1,2,1.0
5360,1,2,-1,0.0
5361,12,14,-2,0.0
5362,0,0,0,1.0
5363,31,18,13,1.0
5364,11,14,-3,0.0
5365,11,10,1,1.0
5366,13,8,5,1.0
5367,7,1,6,1.0
5368,6,6,0,1.0
5369,8,2,6,1.0
5370,1,0,1,1.0
5371,3,1,2,1.0
5372,24,36,-12,0.0
5373,5,3,2,1.0
5374,4,4,0,1.0
5375,4,5,-1,0.0
5376,5,7,-2,0.0
5377,8,7,1,1.0
5378,24,21,3,1.0
5379,6,3,3,1.0
5380,6,8,-2,0.0
5381,8,9,-1,0.0
5382,7,6,1,1.0
5383,3,2,1,1.0
5384,11,14,-3,0.0
5385,11,8,3,1.0
5386,1,1,0,1.0
5387,5,13,-8,0.0
5388,20,6,14,1.0
5389,6,6,0,1.0
5390,19,26,-7,0.0
5391,1,2,-1,0.0
5392,1,2,-1,0.0
5393,3,2,1,1.0
5394,9,8,1,1.0
5395,0,2,-2,0.0
5396,18,19,-1,0.0
5397,16,14,2,1.0
5398,0,0,0,1.0
5399,5,6,-1,0.0
5400,2,1,1,1.0
5401,1,1,0,1.0
5402,5,3,2,1.0
5403,6,5,1,1.0
5404,10,17,-7,0.0
5405,4,6,-2,0.0
5406,32,16,16,1.0
5407,13,10,3,1.0
5408,6,7,-1,0.0
5409,3,1,2,1.0
5410,2,3,-1,0.0
5411,3,0,3,1.0
5412,8,9,-1,0.0
5413,3,1,2,1.0
5414,6,9,-3,0.0
5415,4,3,1,1.0
5416,0,0,0,1.0
5417,3,1,2,1.0
5418,11,12,-1,0.0
5419,7,7,0,1.0
5420,1,1,0,1.0
5421,8,1,7,1.0
5422,28,27,1,1.0
5423,6,7,-1,0.0
5424,4,3,1,1.0
5425,4,5,-1,0.0
5426,1,1,0,1.0
5427,1,0,1,1.0
5428,4,4,0,1.0
5429,6,9,-3,0.0
5430,18,17,1,1.0
5431,3,3,0,1.0
5432,4,5,-1,0.0
5433,2,1,1,1.0
5434,7,4,3,1.0
5435,0,0,0,1.0
5436,1,1,0,1.0
5437,4,3,1,1.0
5438,14,8,6,1.0
5439,10,13,-3,0.0
5440,0,0,0,1.0
5441,3,2,1,1.0
5442,3,7,-4,0.0
5443,0,0,0,1.0
5444,1,0,1,1.0
5445,5,2,3,1.0
5446,23,28,-5,0.0
5447,9,14,-5,0.0
5448,9,4,5,1.0
5449,8,1,7,1.0
5450,11,12,-1,0.0
5451,3,3,0,1.0
5452,10,13,-3,0.0
5453,0,1,-1,0.0
5454,2,1,1,1.0
5455,12,22,-10,0.0
5456,2,1,1,1.0
5457,3,5,-2,0.0
5458,27,25,2,1.0
5459,1,1,0,1.0
5460,11,10,1,1.0
5461,1,0,1,1.0
5462,4,3,1,1.0
5463,13,16,-3,0.0
5464,1,11,-10,0.0
5465,1,2,-1,0.0
5466,0,1,-1,0.0
5467,5,6,-1,0.0
5468,4,0,4,1.0
5469,3,3,0,1.0
5470,3,3,0,1.0
5471,22,28,-6,0.0
5472,3,3,0,1.0
5473,0,0,0,1.0
5474,8,11,-3,0.0
5475,12,13,-1,0.0
5476,4,4,0,1.0
5477,7,3,4,1.0
5478,5,1,4,1.0
5479,13,10,3,1.0
5480,2,3,-1,0.0
5481,9,5,4,1.0
5482,7,3,4,1.0
5483,20,17,3,1.0
5484,14,7,7,1.0
5485,5,8,-3,0.0
5486,5,6,-1,0.0
5487,29,17,12,1.0
5488,6,8,-2,0.0
5489,5,7,-2,0.0
5490,3,2,1,1.0
5491,11,13,-2,0.0
5492,2,4,-2,0.0
5493,8,6,2,1.0
5494,3,1,2,1.0
5495,10,6,4,1.0
5496,9,10,-1,0.0
5497,4,0,4,1.0
5498,8,8,0,1.0
5499,5,3,2,1.0
5500,11,13,-2,0.0
5501,7,7,0,1.0
5502,0,2,-2,0.0
5503,6,9,-3,0.0
5504,14,16,-2,0.0
5505,1,0,1,1.0
5506,6,10,-4,0.0
5507,3,3,0,1.0
5508,2,2,0,1.0
5509,23,6,17,1.0
5510,8,5,3,1.0
5511,7,8,-1,0.0
5512,6,2,4,1.0
5513,18,15,3,1.0
5514,6,5,1,1.0
5515,1,0,1,1.0
5516,19,24,-5,0.0
5517,8,16,-8,0.0
5518,5,6,-1,0.0
5519,1,1,0,1.0
5520,4,3,1,1.0
5521,0,2,-2,0.0
5522,14,11,3,1.0
5523,8,6,2,1.0
5524,11,14,-3,0.0
5525,7,11,-4,0.0
5526,0,3,-3,0.0
5527,10,13,-3,0.0
5528,8,13,-5,0.0
5529,5,1,4,1.0
5530,21,25,-4,0.0
5531,5,11,-6,0.0
5532,2,6,-4,0.0
5533,8,4,4,1.0
5534,0,3,-3,0.0
5535,6,2,4,1.0
5536,10,11,-1,0.0
5537,4,6,-2,0.0
5538,5,11,-6,0.0
5539,3,2,1,1.0
5540,10,8,2,1.0
5541,4,4,0,1.0
5542,1,0,1,1.0
5543,11,7,4,1.0
5544,8,12,-4,0.0
5545,8,7,1,1.0
5546,11,9,2,1.0
5547,10,10,0,1.0
5548,25,30,-5,0.0
5549,1,3,-2,0.0
5550,27,20,7,1.0
5551,7,12,-5,0.0
5552,13,8,5,1.0
5553,0,0,0,1.0
5554,16,24,-8,0.0
5555,1,6,-5,0.0
5556,2,2,0,1.0
5557,9,4,5,1.0
5558,3,1,2,1.0
5559,0,0,0,1.0
5560,1,1,0,1.0
5561,8,9,-1,0.0
5562,1,0,1,1.0
5563,6,3,3,1.0
5564,4,1,3,1.0
5565,5,12,-7,0.0
5566,7,10,-3,0.0
5567,3,7,-4,0.0
5568,0,1,-1,0.0
5569,7,3,4,1.0
5570,18,18,0,1.0
5571,5,7,-2,0.0
5572,6,10,-4,0.0
5573,13,10,3,1.0
5574,13,9,4,1.0
5575,3,1,2,1.0
5576,13,8,5,1.0
5577,9,11,-2,0.0
5578,5,4,1,1.0
5579,18,10,8,1.0
5580,0,3,-3,0.0
5581,17,16,1,1.0
5582,11,8,3,1.0
5583,24,33,-9,0.0
5584,19,21,-2,0.0
5585,5,1,4,1.0
5586,6,5,1,1.0
5587,6,7,-1,0.0
5588,3,3,0,1.0
5589,6,1,5,1.0
5590,1,3,-2,0.0
5591,10,5,5,1.0
5592,15,15,0,1.0
5593,2,5,-3,0.0
5594,4,2,2,1.0
5595,5,7,-2,0.0
5596,4,4,0,1.0
5597,7,2,5,1.0
5598,19,31,-12,0.0
5599,11,9,2,1.0
5600,9,7,2,1.0
5601,2,5,-3,0.0
5602,3,1,2,1.0
5603,7,3,4,1.0
5604,3,1,2,1.0
5605,8,7,1,1.0
5606,3,4,-1,0.0
5607,6,11,-5,0.0
5608,4,7,-3,0.0
5609,12,12,0,1.0
5610,6,9,-3,0.0
5611,13,12,1,1.0
5612,11,8,3,1.0
5613,10,14,-4,0.0
5614,20,23,-3,0.0
5615,3,1,2,1.0
5616,19,17,2,1.0
5617,11,9,2,1.0
5618,18,21,-3,0.0
5619,3,10,-7,0.0
5620,0,0,0,1.0
5621,4,3,1,1.0
5622,3,0,3,1.0
5623,12,10,2,1.0
5624,8,9,-1,0.0
5625,16,14,2,1.0
5626,6,4,2,1.0
5627,18,23,-5,0.0
5628,1,1,0,1.0
5629,1,2,-1,0.0
5630,0,0,0,1.0
5631,1,1,0,1.0
5632,1,0,1,1.0
5633,9,7,2,1.0
5634,20,17,3,1.0
5635,5,6,-1,0.0
5636,4,2,2,1.0
5637,21,8,13,1.0
5638,6,8,-2,0.0
5639,5,2,3,1.0
5640,16,10,6,1.0
5641,5,10,-5,0.0
5642,1,1,0,1.0
5643,11,5,6,1.0
5644,0,1,-1,0.0
5645,6,13,-7,0.0
5646,5,11,-6,0.0
5647,3,8,-5,0.0
5648,12,6,6,1.0
5649,20,17,3,1.0
5650,2,2,0,1.0
5651,11,7,4,1.0
5652,2,2,0,1.0
5653,14,12,2,1.0
5654,13,20,-7,0.0
5655,2,1,1,1.0
5656,2,0,2,1.0
5657,16,9,7,1.0
5658,3,1,2,1.0
5659,3,4,-1,0.0
5660,5,7,-2,0.0
5661,2,1,1,1.0
5662,14,11,3,1.0
5663,9,7,2,1.0
5664,21,25,-4,0.0
5665,7,5,2,1.0
5666,9,2,7,1.0
5667,3,1,2,1.0
5668,1,3,-2,0.0
5669,7,11,-4,0.0
5670,5,4,1,1.0
5671,4,2,2,1.0
5672,8,9,-1,0.0
5673,21,8,13,1.0
5674,10,17,-7,0.0
5675,11,11,0,1.0
5676,1,0,1,1.0
5677,4,7,-3,0.0
5678,12,17,-5,0.0
5679,11,7,4,1.0
5680,7,4,3,1.0
5681,5,6,-1,0.0
5682,4,1,3,1.0
5683,13,11,2,1.0
5684,17,17,0,1.0
5685,4,4,0,1.0
5686,18,4,14,1.0
5687,7,11,-4,0.0
5688,5,9,-4,0.0
5689,9,2,7,1.0
5690,7,14,-7,0.0
5691,5,1,4,1.0
5692,0,2,-2,0.0
5693,16,13,3,1.0
5694,16,14,2,1.0
5695,3,5,-2,0.0
5696,7,5,2,1.0
5697,9,13,-4,0.0
5698,0,0,0,1.0
5699,1,3,-2,0.0
5700,22,28,-6,0.0
5701,6,6,0,1.0
5702,2,4,-2,0.0
5703,5,1,4,1.0
5704,11,8,3,1.0
5705,4,10,-6,0.0
5706,14,12,2,1.0
5707,8,6,2,1.0
5708,15,18,-3,0.0
5709,9,8,1,1.0
5710,3,1,2,1.0
5711,16,13,3,1.0
5712,2,0,2,1.0
5713,4,11,-7,0.0
5714,5,1,4,1.0
5715,15,14,1,1.0
5716,0,0,0,1.0
5717,17,21,-4,0.0
5718,11,13,-2,0.0
5719,10,16,-6,0.0
5720,8,13,-5,0.0
5721,6,10,-4,0.0
5722,2,0,2,1.0
5723,9,6,3,1.0
5724,8,8,0,1.0
5725,5,2,3,1.0
5726,6,6,0,1.0
5727,23,23,0,1.0
5728,11,12,-1,0.0
5729,20,25,-5,0.0
5730,11,15,-4,0.0
5731,19,20,-1,0.0
5732,10,9,1,1.0
5733,11,13,-2,0.0
5734,11,7,4,1.0
5735,18,19,-1,0.0
5736,11,8,3,1.0
5737,8,20,-12,0.0
5738,10,7,3,1.0
5739,7,8,-1,0.0
5740,8,8,0,1.0
5741,9,2,7,1.0
5742,15,20,-5,0.0
5743,4,3,1,1.0
5744,3,2,1,1.0
5745,8,8,0,1.0
5746,15,10,5,1.0
5747,1,4,-3,0.0
5748,2,2,0,1.0
5749,11,13,-2,0.0
5750,10,8,2,1.0
5751,5,7,-2,0.0
5752,5,2,3,1.0
5753,3,0,3,1.0
5754,6,5,1,1.0
5755,9,6,3,1.0
5756,11,10,1,1.0
5757,21,15,6,1.0
5758,10,7,3,1.0
5759,7,8,-1,0.0
5760,8,8,0,1.0
5761,5,4,1,1.0
5762,7,12,-5,0.0
5763,4,8,-4,0.0
5764,7,8,-1,0.0
5765,14,5,9,1.0
5766,6,5,1,1.0
5767,11,17,-6,0.0
5768,6,6,0,1.0
5769,1,3,-2,0.0
5770,2,2,0,1.0
5771,11,6,5,1.0
5772,1,3,-2,0.0
5773,7,10,-3,0.0
5774,7,9,-2,0.0
5775,4,7,-3,0.0
5776,21,12,9,1.0
5777,5,4,1,1.0
5778,10,3,7,1.0
5779,2,3,-1,0.0
5780,10,4,6,1.0
5781,5,7,-2,0.0
5782,10,9,1,1.0
5783,6,7,-1,0.0
5784,17,7,10,1.0
5785,6,3,3,1.0
5786,2,8,-6,0.0
5787,12,6,6,1.0
5788,5,5,0,1.0
5789,13,11,2,1.0
5790,11,8,3,1.0
5791,4,3,1,1.0
5792,5,4,1,1.0
5793,6,3,3,1.0
5794,4,2,2,1.0
5795,15,11,4,1.0
5796,5,2,3,1.0
5797,4,3,1,1.0
5798,6,6,0,1.0
5799,9,7,2,1.0
5800,3,1,2,1.0
5801,1,2,-1,0.0
5802,9,10,-1,0.0
5803,10,14,-4,0.0
5804,2,1,1,1.0
5805,12,13,-1,0.0
5806,6,11,-5,0.0
5807,1,1,0,1.0
5808,4,0,4,1.0
5809,4,5,-1,0.0
5810,5,1,4,1.0
5811,8,4,4,1.0
5812,1,2,-1,0.0
5813,18,20,-2,0.0
5814,4,1,3,1.0
5815,4,3,1,1.0
5816,8,4,4,1.0
5817,7,4,3,1.0
5818,4,1,3,1.0
5819,16,22,-6,0.0
5820,5,7,-2,0.0
5821,25,17,8,1.0
5822,12,9,3,1.0
5823,10,10,0,1.0
5824,7,9,-2,0.0
5825,11,11,0,1.0
5826,21,13,8,1.0
5827,7,8,-1,0.0
5828,0,2,-2,0.0
5829,8,4,4,1.0
5830,6,3,3,1.0
5831,0,2,-2,0.0
5832,7,3,4,1.0
5833,4,3,1,1.0
5834,30,19,11,1.0
5835,8,14,-6,0.0
5836,5,6,-1,0.0
5837,0,1,-1,0.0
5838,4,4,0,1.0
5839,14,13,1,1.0
5840,2,1,1,1.0
5841,11,2,9,1.0
5842,3,5,-2,0.0
5843,13,6,7,1.0
5844,8,6,2,1.0
5845,1,5,-4,0.0
5846,24,16,8,1.0
5847,4,1,3,1.0
5848,15,17,-2,0.0
5849,12,10,2,1.0
5850,7,4,3,1.0
5851,14,7,7,1.0
5852,5,5,0,1.0
5853,5,7,-2,0.0
5854,4,3,1,1.0
5855,1,2,-1,0.0
5856,18,13,5,1.0
5857,4,4,0,1.0
5858,13,15,-2,0.0
5859,3,7,-4,0.0
5860,8,9,-1,0.0
5861,6,7,-1,0.0
5862,6,4,2,1.0
5863,1,3,-2,0.0
5864,5,3,2,1.0
5865,10,10,0,1.0
5866,3,1,2,1.0
5867,6,6,0,1.0
5868,10,5,5,1.0
5869,21,17,4,1.0
5870,3,3,0,1.0
5871,8,9,-1,0.0
5872,4,2,2,1.0
5873,31,46,-15,0.0
5874,13,6,7,1.0
5875,2,0,2,1.0
5876,6,7,-1,0.0
5877,1,1,0,1.0
5878,9,10,-1,0.0
5879,1,2,-1,0.0
5880,2,1,1,1.0
5881,1,0,1,1.0
5882,2,1,1,1.0
5883,12,8,4,1.0
5884,5,4,1,1.0
5885,1,5,-4,0.0
5886,4,2,2,1.0
5887,4,7,-3,0.0
5888,7,8,-1,0.0
5889,6,3,3,1.0
5890,11,7,4,1.0
5891,25,37,-12,0.0
5892,3,3,0,1.0
5893,1,1,0,1.0
5894,34,34,0,1.0
5895,25,36,-11,0.0
5896,6,3,3,1.0
5897,5,5,0,1.0
5898,0,3,-3,0.0
5899,15,9,6,1.0
5900,9,4,5,1.0
5901,3,4,-1,0.0
5902,8,8,0,1.0
5903,5,3,2,1.0
5904,18,14,4,1.0
5905,0,1,-1,0.0
5906,7,11,-4,0.0
5907,4,1,3,1.0
5908,1,2,-1,0.0
5909,9,2,7,1.0
5910,2,3,-1,0.0
5911,4,2,2,1.0
5912,6,3,3,1.0
5913,22,17,5,1.0
5914,14,10,4,1.0
5915,4,2,2,1.0
5916,9,10,-1,0.0
5917,6,8,-2,0.0
5918,3,3,0,1.0
5919,8,8,0,1.0
5920,0,0,0,1.0
5921,7,7,0,1.0
5922,1,2,-1,0.0
5923,1,2,-1,0.0
5924,5,4,1,1.0
5925,1,2,-1,0.0
5926,8,13,-5,0.0
5927,5,2,3,1.0
5928,0,0,0,1.0
5929,3,3,0,1.0
5930,5,7,-2,0.0
5931,6,5,1,1.0
5932,24,21,3,1.0
5933,1,1,0,1.0
5934,13,11,2,1.0
5935,7,5,2,1.0
5936,6,8,-2,0.0
5937,3,5,-2,0.0
5938,4,0,4,1.0
5939,6,8,-2,0.0
5940,9,8,1,1.0
5941,6,3,3,1.0
5942,11,3,8,1.0
5943,3,0,3,1.0
5944,14,10,4,1.0
5945,18,19,-1,0.0
5946,17,24,-7,0.0
5947,7,5,2,1.0
5948,5,6,-1,0.0
5949,12,4,8,1.0
5950,25,16,9,1.0
5951,9,13,-4,0.0
5952,9,2,7,1.0
5953,12,17,-5,0.0
5954,7,9,-2,0.0
5955,0,2,-2,0.0
5956,36,24,12,1.0
5957,4,3,1,1.0
5958,3,5,-2,0.0
5959,10,8,2,1.0
5960,14,4,10,1.0
5961,6,3,3,1.0
5962,4,2,2,1.0
5963,18,11,7,1.0
5964,12,8,4,1.0
5965,15,11,4,1.0
5966,5,2,3,1.0
5967,1,1,0,1.0
5968,8,0,8,1.0
5969,22,26,-4,0.0
5970,6,5,1,1.0
5971,9,8,1,1.0
5972,1,3,-2,0.0
5973,0,0,0,1.0
5974,4,6,-2,0.0
5975,1,2,-1,0.0
5976,1,4,-3,0.0
5977,12,20,-8,0.0
5978,5,2,3,1.0
5979,10,2,8,1.0
5980,15,10,5,1.0
5981,5,3,2,1.0
5982,15,13,2,1.0
5983,3,5,-2,0.0
5984,14,3,11,1.0
5985,3,2,1,1.0
5986,10,9,1,1.0
5987,1,0,1,1.0
5988,9,6,3,1.0
5989,0,0,0,1.0
5990,8,5,3,1.0
5991,20,23,-3,0.0
5992,11,5,6,1.0
5993,0,0,0,1.0
5994,0,2,-2,0.0
5995,13,5,8,1.0
5996,19,11,8,1.0
5997,3,1,2,1.0
5998,1,0,1,1.0
5999,3,4,-1,0.0
6000,4,5,-1,0.0
6001,18,13,5,1.0
6002,7,9,-2,0.0
6003,23,11,12,1.0
6004,6,3,3,1.0
6005,8,7,1,1.0
6006,12,11,1,1.0
6007,9,8,1,1.0
6008,14,5,9,1.0
6009,2,1,1,1.0
6010,6,7,-1,0.0
6011,16,5,11,1.0
6012,6,1,5,1.0
6013,2,2,0,1.0
6014,0,0,0,1.0
6015,13,11,2,1.0
6016,12,8,4,1.0
6017,4,0,4,1.0
6018,3,5,-2,0.0
6019,1,6,-5,0.0
6020,6,5,1,1.0
6021,8,3,5,1.0
6022,6,1,5,1.0
6023,12,8,4,1.0
6024,8,1,7,1.0
6025,2,2,0,1.0
6026,7,5,2,1.0
6027,14,9,5,1.0
6028,8,8,0,1.0
6029,1,2,-1,0.0
6030,21,10,11,1.0
6031,20,10,10,1.0
6032,5,6,-1,0.0
6033,12,5,7,1.0
6034,15,8,7,1.0
6035,5,3,2,1.0
6036,3,4,-1,0.0
6037,0,2,-2,0.0
6038,4,8,-4,0.0
6039,8,2,6,1.0
6040,2,0,2,1.0
6041,17,10,7,1.0
6042,10,12,-2,0.0
6043,6,6,0,1.0
6044,6,6,0,1.0
6045,23,24,-1,0.0
6046,7,7,0,1.0
6047,2,2,0,1.0
6048,6,4,2,1.0
6049,7,4,3,1.0
6050,19,22,-3,0.0
6051,6,2,4,1.0
6052,3,2,1,1.0
6053,1,0,1,1.0
6054,10,5,5,1.0
6055,5,7,-2,0.0
6056,2,1,1,1.0
6057,1,1,0,1.0
6058,6,1,5,1.0
6059,10,6,4,1.0
6060,8,5,3,1.0
6061,7,5,2,1.0
6062,11,15,-4,0.0
6063,3,1,2,1.0
6064,1,3,-2,0.0
6065,5,7,-2,0.0
6066,12,7,5,1.0
6067,1,2,-1,0.0
6068,13,9,4,1.0
6069,18,4,14,1.0
6070,3,3,0,1.0
6071,2,1,1,1.0
6072,16,10,6,1.0
6073,3,0,3,1.0
6074,13,11,2,1.0
6075,3,1,2,1.0
6076,0,0,0,1.0
6077,2,2,0,1.0
6078,3,0,3,1.0
6079,34,16,18,1.0
6080,15,5,10,1.0
6081,3,0,3,1.0
6082,1,0,1,1.0
6083,15,20,-5,0.0
6084,4,7,-3,0.0
6085,30,29,1,1.0
6086,2,1,1,1.0
6087,30,36,-6,0.0
6088,21,14,7,1.0
6089,29,38,-9,0.0
6090,7,4,3,1.0
6091,8,4,4,1.0
6092,8,8,0,1.0
6093,4,1,3,1.0
6094,7,2,5,1.0
6095,1,0,1,1.0
6096,2,3,-1,0.0
6097,0,0,0,1.0
6098,1,1,0,1.0
6099,5,7,-2,0.0
6100,2,1,1,1.0
6101,10,1,9,1.0
6102,3,0,3,1.0
6103,6,0,6,1.0
6104,10,11,-1,0.0
6105,3,0,3,1.0
6106,13,4,9,1.0
6107,10,13,-3,0.0
6108,0,0,0,1.0
6109,6,5,1,1.0
6110,8,4,4,1.0
6111,5,12,-7,0.0
6112,0,0,0,1.0
6113,5,2,3,1.0
6114,0,0,0,1.0
6115,2,0,2,1.0
6116,4,0,4,1.0
6117,1,1,0,1.0
6118,8,11,-3,0.0
6119,3,1,2,1.0
6120,9,1,8,1.0
6121,5,4,1,1.0
6122,1,0,1,1.0
6123,6,8,-2,0.0
6124,10,10,0,1.0
6125,4,7,-3,0.0
6126,22,28,-6,0.0
6127,15,7,8,1.0
6128,10,2,8,1.0
6129,6,5,1,1.0
6130,0,0,0,1.0
6131,11,13,-2,0.0
6132,14,18,-4,0.0
6133,1,4,-3,0.0
6134,5,4,1,1.0
6135,10,13,-3,0.0
6136,7,5,2,1.0
6137,1,1,0,1.0
6138,11,8,3,1.0
6139,7,11,-4,0.0
6140,8,6,2,1.0
6141,9,8,1,1.0
6142,10,9,1,1.0
6143,15,18,-3,0.0
6144,17,15,2,1.0
6145,7,12,-5,0.0
6146,8,8,0,1.0
6147,2,1,1,1.0
6148,4,3,1,1.0
6149,5,2,3,1.0
6150,14,22,-8,0.0
6151,9,8,1,1.0
6152,4,11,-7,0.0
6153,14,11,3,1.0
6154,11,7,4,1.0
6155,11,8,3,1.0
6156,5,14,-9,0.0
6157,4,10,-6,0.0
6158,22,14,8,1.0
6159,5,7,-2,0.0
6160,5,9,-4,0.0
6161,5,2,3,1.0
6162,11,8,3,1.0
6163,13,13,0,1.0
6164,18,20,-2,0.0
6165,7,9,-2,0.0
6166,10,15,-5,0.0
6167,10,9,1,1.0
6168,11,13,-2,0.0
6169,18,19,-1,0.0
6170,3,2,1,1.0
6171,7,10,-3,0.0
6172,13,6,7,1.0
6173,3,4,-1,0.0
6174,4,2,2,1.0
6175,16,20,-4,0.0
6176,0,1,-1,0.0
6177,6,1,5,1.0
6178,6,5,1,1.0
6179,3,0,3,1.0
6180,7,11,-4,0.0
6181,1,1,0,1.0
6182,10,10,0,1.0
6183,3,4,-1,0.0
6184,8,2,6,1.0
6185,5,5,0,1.0
6186,17,18,-1,0.0
6187,1,3,-2,0.0
6188,10,7,3,1.0
6189,4,7,-3,0.0
6190,1,3,-2,0.0
6191,21,19,2,1.0
6192,9,6,3,1.0
6193,7,6,1,1.0
6194,21,13,8,1.0
6195,11,4,7,1.0
6196,3,2,1,1.0
6197,0,1,-1,0.0
6198,7,16,-9,0.0
6199,4,4,0,1.0
6200,5,5,0,1.0
6201,4,10,-6,0.0
6202,18,11,7,1.0
6203,14,13,1,1.0
6204,14,8,6,1.0
6205,1,5,-4,0.0
6206,7,5,2,1.0
6207,15,14,1,1.0
6208,13,16,-3,0.0
6209,19,19,0,1.0
6210,1,0,1,1.0
6211,11,16,-5,0.0
6212,17,11,6,1.0
6213,10,11,-1,0.0
6214,10,15,-5,0.0
6215,13,14,-1,0.0
6216,11,9,2,1.0
6217,4,1,3,1.0
6218,3,2,1,1.0
6219,16,21,-5,0.0
6220,9,12,-3,0.0
6221,5,7,-2,0.0
6222,15,14,1,1.0
6223,8,8,0,1.0
6224,24,31,-7,0.0
6225,12,9,3,1.0
6226,22,14,8,1.0
6227,5,6,-1,0.0
6228,10,10,0,1.0
6229,7,8,-1,0.0
6230,16,11,5,1.0
6231,4,2,2,1.0
6232,5,6,-1,0.0
6233,12,4,8,1.0
6234,23,30,-7,0.0
6235,9,13,-4,0.0
6236,10,13,-3,0.0
6237,12,6,6,1.0
6238,10,9,1,1.0
6239,1,5,-4,0.0
6240,18,13,5,1.0
6241,4,4,0,1.0
6242,11,13,-2,0.0
6243,6,4,2,1.0
6244,7,5,2,1.0
6245,13,15,-2,0.0
6246,4,6,-2,0.0
6247,3,4,-1,0.0
6248,5,5,0,1.0
6249,13,7,6,1.0
6250,1,0,1,1.0
6251,0,6,-6,0.0
6252,10,11,-1,0.0
6253,0,4,-4,0.0
6254,2,1,1,1.0
6255,0,1,-1,0.0
6256,5,6,-1,0.0
6257,2,1,1,1.0
6258,4,1,3,1.0
6259,13,23,-10,0.0
6260,0,0,0,1.0
6261,2,7,-5,0.0
6262,8,15,-7,0.0
6263,1,1,0,1.0
6264,5,5,0,1.0
6265,13,13,0,1.0
6266,25,23,2,1.0
6267,35,22,13,1.0
6268,1,0,1,1.0
6269,3,2,1,1.0
6270,8,11,-3,0.0
6271,5,5,0,1.0
6272,13,10,3,1.0
6273,0,0,0,1.0
6274,4,5,-1,0.0
6275,3,0,3,1.0
6276,3,0,3,1.0
6277,0,1,-1,0.0
6278,5,8,-3,0.0
6279,11,7,4,1.0
6280,3,6,-3,0.0
6281,4,2,2,1.0
6282,1,1,0,1.0
6283,11,13,-2,0.0
6284,5,3,2,1.0
6285,12,10,2,1.0
6286,0,0,0,1.0
6287,13,7,6,1.0
6288,3,1,2,1.0
6289,1,2,-1,0.0
6290,19,16,3,1.0
6291,0,0,0,1.0
6292,2,3,-1,0.0
6293,0,0,0,1.0
6294,0,0,0,1.0
6295,11,13,-2,0.0
6296,11,13,-2,0.0
6297,0,0,0,1.0
6298,9,1,8,1.0
6299,9,11,-2,0.0
6300,5,2,3,1.0
6301,2,7,-5,0.0
6302,17,14,3,1.0
6303,11,6,5,1.0
6304,7,8,-1,0.0
6305,6,9,-3,0.0
6306,7,8,-1,0.0
6307,15,5,10,1.0
6308,8,7,1,1.0
6309,17,16,1,1.0
6310,14,19,-5,0.0
6311,3,3,0,1.0
6312,9,11,-2,0.0
6313,8,13,-5,0.0
6314,8,9,-1,0.0
6315,7,3,4,1.0
6316,3,2,1,1.0
6317,32,16,16,1.0
6318,7,3,4,1.0
6319,4,2,2,1.0
6320,15,22,-7,0.0
6321,5,6,-1,0.0
6322,16,18,-2,0.0
6323,14,21,-7,0.0
6324,18,18,0,1.0
6325,9,5,4,1.0
6326,14,6,8,1.0
6327,20,13,7,1.0
6328,34,36,-2,0.0
6329,5,4,1,1.0
6330,3,1,2,1.0
6331,11,12,-1,0.0
6332,14,17,-3,0.0
6333,9,8,1,1.0
6334,14,15,-1,0.0
6335,0,1,-1,0.0
6336,3,2,1,1.0
6337,16,12,4,1.0
6338,33,47,-14,0.0
6339,2,1,1,1.0
6340,6,6,0,1.0
6341,12,17,-5,0.0
6342,0,1,-1,0.0
6343,5,2,3,1.0
6344,13,5,8,1.0
6345,1,0,1,1.0
6346,1,5,-4,0.0
6347,16,14,2,1.0
6348,0,1,-1,0.0
6349,4,2,2,1.0
6350,3,3,0,1.0
6351,2,3,-1,0.0
6352,8,13,-5,0.0
6353,3,0,3,1.0
6354,1,1,0,1.0
6355,12,11,1,1.0
6356,8,7,1,1.0
6357,9,14,-5,0.0
6358,6,3,3,1.0
6359,2,3,-1,0.0
6360,6,7,-1,0.0
6361,1,2,-1,0.0
6362,6,4,2,1.0
6363,3,3,0,1.0
6364,5,4,1,1.0
6365,8,11,-3,0.0
6366,10,8,2,1.0
6367,2,7,-5,0.0
6368,5,5,0,1.0
6369,5,11,-6,0.0
6370,1,2,-1,0.0
6371,4,5,-1,0.0
6372,14,9,5,1.0
6373,7,2,5,1.0
6374,18,27,-9,0.0
6375,4,1,3,1.0
6376,6,2,4,1.0
6377,23,31,-8,0.0
6378,4,3,1,1.0
6379,0,0,0,1.0
6380,2,1,1,1.0
6381,2,4,-2,0.0
6382,1,0,1,1.0
6383,4,3,1,1.0
6384,18,14,4,1.0
6385,1,1,0,1.0
6386,1,1,0,1.0
6387,1,1,0,1.0
6388,16,11,5,1.0
6389,15,6,9,1.0
6390,5,2,3,1.0
6391,6,8,-2,0.0
6392,11,6,5,1.0
6393,6,4,2,1.0
6394,0,0,0,1.0
6395,2,6,-4,0.0
6396,9,8,1,1.0
6397,0,0,0,1.0
6398,5,5,0,1.0
6399,7,5,2,1.0
6400,9,10,-1,0.0
6401,7,5,2,1.0
6402,7,4,3,1.0
6403,5,8,-3,0.0
6404,4,3,1,1.0
6405,5,6,-1,0.0
6406,11,10,1,1.0
6407,3,6,-3,0.0
6408,3,1,2,1.0
6409,5,7,-2,0.0
6410,8,7,1,1.0
6411,4,0,4,1.0
6412,4,0,4,1.0
6413,2,2,0,1.0
6414,13,19,-6,0.0
6415,6,4,2,1.0
6416,5,5,0,1.0
6417,3,3,0,1.0
6418,15,9,6,1.0
6419,22,7,15,1.0
6420,25,10,15,1.0
6421,5,3,2,1.0
6422,12,15,-3,0.0
6423,28,10,18,1.0
6424,10,3,7,1.0
6425,18,8,10,1.0
6426,4,2,2,1.0
6427,4,13,-9,0.0
6428,2,2,0,1.0
6429,3,6,-3,0.0
6430,13,14,-1,0.0
6431,7,4,3,1.0
6432,4,3,1,1.0
6433,6,9,-3,0.0
6434,3,2,1,1.0
6435,20,10,10,1.0
6436,7,1,6,1.0
6437,4,3,1,1.0
6438,6,2,4,1.0
6439,2,4,-2,0.0
6440,6,6,0,1.0
6441,2,2,0,1.0
6442,10,13,-3,0.0
6443,3,3,0,1.0
6444,2,2,0,1.0
6445,12,10,2,1.0
6446,5,11,-6,0.0
6447,11,11,0,1.0
6448,0,0,0,1.0
6449,0,0,0,1.0
6450,14,9,5,1.0
6451,13,7,6,1.0
6452,1,4,-3,0.0
6453,9,5,4,1.0
6454,6,2,4,1.0
6455,17,17,0,1.0
6456,8,7,1,1.0
6457,6,2,4,1.0
6458,4,4,0,1.0
6459,12,7,5,1.0
6460,14,23,-9,0.0
6461,1,0,1,1.0
6462,5,0,5,1.0
6463,5,6,-1,0.0
6464,19,9,10,1.0
6465,5,2,3,1.0
6466,15,5,10,1.0
6467,8,6,2,1.0
6468,2,0,2,1.0
6469,2,4,-2,0.0
6470,3,3,0,1.0
6471,20,7,13,1.0
6472,7,4,3,1.0
6473,9,3,6,1.0
6474,7,5,2,1.0
6475,7,1,6,1.0
6476,14,10,4,1.0
6477,4,6,-2,0.0
6478,21,23,-2,0.0
6479,11,6,5,1.0
6480,0,1,-1,0.0
6481,3,2,1,1.0
6482,3,3,0,1.0
6483,6,9,-3,0.0
6484,1,2,-1,0.0
6485,4,4,0,1.0
6486,6,4,2,1.0
6487,0,0,0,1.0
6488,10,4,6,1.0
6489,4,6,-2,0.0
6490,14,10,4,1.0
6491,21,19,2,1.0
6492,1,0,1,1.0
6493,6,8,-2,0.0
6494,5,3,2,1.0
6495,12,20,-8,0.0
6496,2,9,-7,0.0
6497,3,5,-2,0.0
6498,15,17,-2,0.0
6499,7,1,6,1.0
6500,10,2,8,1.0
6501,22,29,-7,0.0
6502,8,13,-5,0.0
6503,15,14,1,1.0
6504,1,3,-2,0.0
6505,8,4,4,1.0
6506,25,26,-1,0.0
6507,23,28,-5,0.0
6508,15,10,5,1.0
6509,2,1,1,1.0
6510,1,2,-1,0.0
6511,0,0,0,1.0
6512,3,4,-1,0.0
6513,0,0,0,1.0
6514,0,2,-2,0.0
6515,1,0,1,1.0
6516,12,16,-4,0.0
6517,19,12,7,1.0
6518,8,5,3,1.0
6519,9,13,-4,0.0
6520,27,25,2,1.0
6521,12,20,-8,0.0
6522,3,2,1,1.0
6523,7,1,6,1.0
6524,5,1,4,1.0
6525,5,7,-2,0.0
6526,3,8,-5,0.0
6527,6,5,1,1.0
6528,1,3,-2,0.0
6529,15,5,10,1.0
6530,2,1,1,1.0
6531,2,2,0,1.0
6532,5,1,4,1.0
6533,5,7,-2,0.0
6534,3,1,2,1.0
6535,3,3,0,1.0
6536,2,1,1,1.0
6537,29,14,15,1.0
6538,4,3,1,1.0
6539,18,13,5,1.0
6540,25,18,7,1.0
6541,6,11,-5,0.0
6542,0,3,-3,0.0
6543,3,2,1,1.0
6544,12,8,4,1.0
6545,6,5,1,1.0
6546,8,2,6,1.0
6547,26,14,12,1.0
6548,8,1,7,1.0
6549,8,8,0,1.0
6550,1,1,0,1.0
6551,10,2,8,1.0
6552,4,0,4,1.0
6553,5,0,5,1.0
6554,9,11,-2,0.0
6555,4,4,0,1.0
6556,0,0,0,1.0
6557,14,9,5,1.0
6558,8,8,0,1.0
6559,2,2,0,1.0
6560,22,17,5,1.0
6561,0,0,0,1.0
6562,3,0,3,1.0
6563,4,7,-3,0.0
6564,6,5,1,1.0
6565,14,15,-1,0.0
6566,11,6,5,1.0
6567,3,10,-7,0.0
6568,6,5,1,1.0
6569,2,4,-2,0.0
6570,7,9,-2,0.0
6571,4,1,3,1.0
6572,18,9,9,1.0
6573,2,1,1,1.0
6574,21,6,15,1.0
6575,10,6,4,1.0
6576,4,4,0,1.0
6577,2,2,0,1.0
6578,1,1,0,1.0
6579,4,6,-2,0.0
6580,5,7,-2,0.0
6581,10,10,0,1.0
6582,2,2,0,1.0
6583,0,2,-2,0.0
6584,6,11,-5,0.0
6585,3,3,0,1.0
6586,22,34,-12,0.0
6587,7,5,2,1.0
6588,11,6,5,1.0
6589,19,22,-3,0.0
6590,7,6,1,1.0
6591,3,3,0,1.0
6592,5,8,-3,0.0
6593,0,0,0,1.0
6594,4,1,3,1.0
6595,5,9,-4,0.0
6596,11,19,-8,0.0
6597,13,16,-3,0.0
6598,2,0,2,1.0
6599,12,12,0,1.0
6600,9,14,-5,0.0
6601,4,1,3,1.0
6602,15,23,-8,0.0
6603,0,2,-2,0.0
6604,5,3,2,1.0
6605,5,1,4,1.0
6606,13,11,2,1.0
6607,4,1,3,1.0
6608,14,15,-1,0.0
6609,11,21,-10,0.0
6610,4,5,-1,0.0
6611,7,3,4,1.0
6612,23,24,-1,0.0
6613,3,6,-3,0.0
6614,9,4,5,1.0
6615,11,7,4,1.0
6616,9,2,7,1.0
6617,5,2,3,1.0
6618,5,2,3,1.0
6619,10,1,9,1.0
6620,2,3,-1,0.0
6621,6,2,4,1.0
6622,11,9,2,1.0
6623,11,9,2,1.0
6624,5,6,-1,0.0
6625,1,2,-1,0.0
6626,14,11,3,1.0
6627,11,14,-3,0.0
6628,13,3,10,1.0
6629,4,1,3,1.0
6630,15,12,3,1.0
6631,4,2,2,1.0
6632,2,0,2,1.0
6633,5,11,-6,0.0
6634,19,17,2,1.0
6635,11,8,3,1.0
6636,3,2,1,1.0
6637,5,6,-1,0.0
6638,5,7,-2,0.0
6639,6,6,0,1.0
6640,6,7,-1,0.0
6641,13,7,6,1.0
6642,6,10,-4,0.0
6643,7,12,-5,0.0
6644,8,8,0,1.0
6645,14,16,-2,0.0
6646,0,2,-2,0.0
6647,10,3,7,1.0
6648,7,4,3,1.0
6649,13,23,-10,0.0
6650,3,0,3,1.0
6651,11,4,7,1.0
6652,7,9,-2,0.0
6653,23,6,17,1.0
6654,4,9,-5,0.0
6655,0,0,0,1.0
6656,14,13,1,1.0
6657,3,3,0,1.0
6658,0,0,0,1.0
6659,4,2,2,1.0
6660,2,3,-1,0.0
6661,15,6,9,1.0
6662,0,0,0,1.0
6663,12,10,2,1.0
6664,7,6,1,1.0
6665,13,6,7,1.0
6666,2,2,0,1.0
6667,1,1,0,1.0
6668,2,8,-6,0.0
6669,7,12,-5,0.0
6670,10,5,5,1.0
6671,0,4,-4,0.0
6672,7,1,6,1.0
6673,5,1,4,1.0
6674,5,7,-2,0.0
6675,3,8,-5,0.0
6676,6,5,1,1.0
6677,1,3,-2,0.0
6678,15,5,10,1.0
6679,2,1,1,1.0
6680,2,2,0,1.0
6681,5,1,4,1.0
6682,5,7,-2,0.0
6683,3,1,2,1.0
6684,3,3,0,1.0
6685,2,1,1,1.0
6686,29,14,15,1.0
6687,4,3,1,1.0
6688,18,13,5,1.0
6689,25,18,7,1.0
6690,6,11,-5,0.0
6691,0,3,-3,0.0
6692,3,2,1,1.0
6693,12,8,4,1.0
6694,6,5,1,1.0
6695,8,2,6,1.0
6696,26,14,12,1.0
6697,8,1,7,1.0
6698,8,8,0,1.0
6699,1,1,0,1.0
6700,10,2,8,1.0
6701,4,0,4,1.0
6702,5,0,5,1.0
6703,9,11,-2,0.0
6704,4,4,0,1.0
6705,0,0,0,1.0
6706,14,9,5,1.0
6707,8,8,0,1.0
6708,2,2,0,1.0
6709,22,17,5,1.0
6710,0,0,0,1.0
6711,3,0,3,1.0
6712,4,7,-3,0.0
6713,6,5,1,1.0
6714,14,15,-1,0.0
6715,11,6,5,1.0
6716,3,10,-7,0.0
6717,6,5,1,1.0
6718,2,4,-2,0.0
6719,7,9,-2,0.0
6720,4,1,3,1.0
6721,18,9,9,1.0
6722,2,1,1,1.0
6723,21,6,15,1.0
6724,10,6,4,1.0
6725,4,4,0,1.0
6726,2,2,0,1.0
6727,1,1,0,1.0
6728,4,6,-2,0.0
6729,5,7,-2,0.0
6730,10,10,0,1.0
6731,2,2,0,1.0
6732,0,2,-2,0.0
6733,6,11,-5,0.0
6734,3,3,0,1.0
6735,22,34,-12,0.0
6736,7,5,2,1.0
6737,11,6,5,1.0
6738,19,22,-3,0.0
6739,7,6,1,1.0
6740,3,3,0,1.0
6741,5,8,-3,0.0
6742,0,0,0,1.0
6743,4,1,3,1.0
6744,5,9,-4,0.0
6745,0,0,0,1.0
6746,13,16,-3,0.0
6747,0,0,0,1.0
6748,12,12,0,1.0
6749,9,14,-5,0.0
6750,4,1,3,1.0
6751,15,23,-8,0.0
6752,0,2,-2,0.0
6753,5,3,2,1.0
6754,5,1,4,1.0
6755,13,11,2,1.0
6756,4,1,3,1.0
6757,14,15,-1,0.0
6758,11,21,-10,0.0
6759,4,5,-1,0.0
6760,7,3,4,1.0
6761,23,24,-1,0.0
6762,3,6,-3,0.0
6763,9,4,5,1.0
6764,11,7,4,1.0
6765,9,2,7,1.0
6766,5,2,3,1.0
6767,5,2,3,1.0
6768,10,1,9,1.0
6769,2,3,-1,0.0
6770,6,2,4,1.0
6771,11,9,2,1.0
6772,11,9,2,1.0
6773,5,6,-1,0.0
6774,1,2,-1,0.0
6775,14,11,3,1.0
6776,11,14,-3,0.0
6777,13,3,10,1.0
6778,4,1,3,1.0
6779,15,12,3,1.0
6780,4,2,2,1.0
6781,2,0,2,1.0
6782,5,11,-6,0.0
6783,19,17,2,1.0
6784,11,8,3,1.0
6785,3,2,1,1.0
6786,5,6,-1,0.0
6787,5,7,-2,0.0
6788,6,6,0,1.0
6789,6,7,-1,0.0
6790,13,7,6,1.0
6791,6,10,-4,0.0
6792,7,12,-5,0.0
6793,8,8,0,1.0
6794,14,16,-2,0.0
6795,0,2,-2,0.0
6796,10,3,7,1.0
6797,7,4,3,1.0
6798,13,23,-10,0.0
6799,3,0,3,1.0
6800,11,4,7,1.0
6801,7,9,-2,0.0
6802,23,6,17,1.0
6803,4,9,-5,0.0
6804,0,0,0,1.0
6805,14,13,1,1.0
6806,3,3,0,1.0
6807,0,0,0,1.0
6808,4,2,2,1.0
6809,2,3,-1,0.0
6810,15,6,9,1.0
6811,0,0,0,1.0
6812,12,10,2,1.0
6813,7,6,1,1.0
6814,13,6,7,1.0
6815,2,2,0,1.0
6816,1,1,0,1.0
6817,2,8,-6,0.0
6818,7,12,-5,0.0
6819,10,5,5,1.0
6820,0,4,-4,0.0
6821,18,19,-1,0.0
6822,1,2,-1,0.0
6823,19,12,7,1.0
6824,9,7,2,1.0
6825,19,26,-7,0.0
6826,20,13,7,1.0
6827,10,8,2,1.0
6828,13,15,-2,0.0
6829,3,1,2,1.0
6830,1,0,1,1.0
6831,36,20,16,1.0
6832,1,0,1,1.0
6833,2,0,2,1.0
6834,1,1,0,1.0
6835,2,2,0,1.0
6836,2,2,0,1.0
6837,2,0,2,1.0
6838,8,5,3,1.0
6839,1,2,-1,0.0
6840,8,3,5,1.0
6841,12,6,6,1.0
6842,0,0,0,1.0
6843,8,7,1,1.0
6844,1,2,-1,0.0
6845,14,11,3,1.0
6846,6,2,4,1.0
6847,4,0,4,1.0
6848,4,5,-1,0.0
6849,35,22,13,1.0
6850,0,3,-3,0.0
6851,13,5,8,1.0
6852,5,2,3,1.0
6853,6,0,6,1.0
6854,8,10,-2,0.0
6855,5,4,1,1.0
6856,7,5,2,1.0
6857,1,1,0,1.0
6858,0,0,0,1.0
6859,1,1,0,1.0
6860,11,9,2,1.0
6861,4,0,4,1.0
6862,21,9,12,1.0
6863,14,13,1,1.0
6864,17,23,-6,0.0
6865,8,13,-5,0.0
6866,30,38,-8,0.0
6867,4,8,-4,0.0
6868,2,0,2,1.0
6869,15,11,4,1.0
6870,1,0,1,1.0
6871,6,14,-8,0.0
6872,18,4,14,1.0
6873,8,3,5,1.0
6874,11,10,1,1.0
6875,4,2,2,1.0
6876,9,8,1,1.0
6877,1,0,1,1.0
6878,11,13,-2,0.0
6879,4,7,-3,0.0
6880,3,4,-1,0.0
6881,17,26,-9,0.0
6882,20,21,-1,0.0
6883,0,1,-1,0.0
6884,20,21,-1,0.0
6885,7,9,-2,0.0
6886,2,2,0,1.0
6887,4,6,-2,0.0
6888,11,14,-3,0.0
6889,0,0,0,1.0
6890,17,17,0,1.0
6891,13,10,3,1.0
6892,1,4,-3,0.0
6893,15,11,4,1.0
6894,4,3,1,1.0
6895,3,11,-8,0.0
6896,18,11,7,1.0
6897,5,11,-6,0.0
6898,7,5,2,1.0
6899,2,0,2,1.0
6900,6,7,-1,0.0
6901,1,2,-1,0.0
6902,15,20,-5,0.0
6903,5,7,-2,0.0
6904,3,5,-2,0.0
6905,4,3,1,1.0
6906,34,21,13,1.0
6907,4,1,3,1.0
6908,36,15,21,1.0
6909,12,4,8,1.0
6910,1,6,-5,0.0
6911,6,6,0,1.0
6912,2,4,-2,0.0
6913,0,0,0,1.0
6914,2,4,-2,0.0
6915,6,7,-1,0.0
6916,0,0,0,1.0
6917,16,10,6,1.0
6918,4,1,3,1.0
6919,8,2,6,1.0
6920,9,8,1,1.0
6921,13,19,-6,0.0
6922,0,3,-3,0.0
6923,6,10,-4,0.0
6924,13,11,2,1.0
6925,8,9,-1,0.0
6926,7,5,2,1.0
6927,2,7,-5,0.0
6928,4,4,0,1.0
6929,16,22,-6,0.0
6930,7,6,1,1.0
6931,3,8,-5,0.0
6932,2,3,-1,0.0
6933,6,3,3,1.0
6934,19,15,4,1.0
6935,12,1,11,1.0
6936,8,7,1,1.0
6937,8,11,-3,0.0
6938,4,1,3,1.0
6939,14,13,1,1.0
6940,8,2,6,1.0
6941,2,2,0,1.0
6942,19,21,-2,0.0
6943,15,15,0,1.0
6944,5,0,5,1.0
6945,19,31,-12,0.0
6946,15,21,-6,0.0
6947,4,3,1,1.0
6948,23,15,8,1.0
6949,0,2,-2,0.0
6950,18,18,0,1.0
6951,3,1,2,1.0
6952,5,2,3,1.0
6953,9,14,-5,0.0
6954,0,0,0,1.0
6955,11,9,2,1.0
6956,8,16,-8,0.0
6957,2,1,1,1.0
6958,3,0,3,1.0
6959,20,23,-3,0.0
6960,23,27,-4,0.0
6961,3,2,1,1.0
6962,7,4,3,1.0
6963,5,3,2,1.0
6964,7,11,-4,0.0
6965,14,14,0,1.0
6966,18,21,-3,0.0
6967,3,1,2,1.0
6968,0,0,0,1.0
6969,7,6,1,1.0
6970,9,12,-3,0.0
6971,12,6,6,1.0
6972,17,20,-3,0.0
6973,21,23,-2,0.0
6974,6,7,-1,0.0
6975,23,15,8,1.0
6976,4,6,-2,0.0
6977,23,17,6,1.0
6978,19,18,1,1.0
6979,23,10,13,1.0
6980,13,12,1,1.0
6981,1,1,0,1.0
6982,5,2,3,1.0
6983,8,9,-1,0.0
6984,11,13,-2,0.0
6985,21,13,8,1.0
6986,21,19,2,1.0
6987,21,25,-4,0.0
6988,7,4,3,1.0
6989,5,11,-6,0.0
6990,13,3,10,1.0
6991,28,22,6,1.0
6992,17,19,-2,0.0
6993,5,7,-2,0.0
6994,23,26,-3,0.0
6995,1,3,-2,0.0
6996,7,3,4,1.0
6997,7,14,-7,0.0
6998,20,23,-3,0.0
6999,19,19,0,1.0
7000,15,19,-4,0.0
7001,19,6,13,1.0
7002,30,21,9,1.0
7003,5,3,2,1.0
7004,8,2,6,1.0
7005,15,5,10,1.0
7006,3,4,-1,0.0
7007,21,35,-14,0.0
7008,5,3,2,1.0
7009,18,31,-13,0.0
7010,9,6,3,1.0
7011,2,4,-2,0.0
7012,2,6,-4,0.0
7013,2,0,2,1.0
7014,20,20,0,1.0
7015,1,0,1,1.0
7016,2,4,-2,0.0
7017,7,1,6,1.0
7018,15,18,-3,0.0
7019,16,15,1,1.0
7020,1,2,-1,0.0
7021,18,17,1,1.0
7022,2,0,2,1.0
7023,24,19,5,1.0
7024,0,1,-1,0.0
7025,0,1,-1,0.0
7026,23,15,8,1.0
7027,2,1,1,1.0
7028,28,34,-6,0.0
7029,2,1,1,1.0
7030,19,26,-7,0.0
7031,2,1,1,1.0
7032,3,2,1,1.0
7033,1,1,0,1.0
7034,2,3,-1,0.0
7035,2,2,0,1.0
7036,12,7,5,1.0
7037,13,18,-5,0.0
7038,11,8,3,1.0
7039,10,5,5,1.0
7040,8,7,1,1.0
7041,0,1,-1,0.0
7042,4,4,0,1.0
7043,6,4,2,1.0
7044,2,2,0,1.0
7045,4,1,3,1.0
7046,7,8,-1,0.0
7047,3,0,3,1.0
7048,0,0,0,1.0
7049,2,2,0,1.0
7050,10,5,5,1.0
7051,9,7,2,1.0
7052,15,7,8,1.0
7053,18,11,7,1.0
7054,3,2,1,1.0
7055,0,1,-1,0.0
7056,5,6,-1,0.0
7057,2,1,1,1.0
7058,1,3,-2,0.0
7059,13,7,6,1.0
7060,12,14,-2,0.0
7061,14,4,10,1.0
7062,0,1,-1,0.0
7063,5,1,4,1.0
7064,21,19,2,1.0
7065,18,19,-1,0.0
7066,4,2,2,1.0
7067,1,3,-2,0.0
7068,2,3,-1,0.0
7069,17,20,-3,0.0
7070,6,13,-7,0.0
7071,2,1,1,1.0
7072,5,6,-1,0.0
7073,0,1,-1,0.0
7074,3,4,-1,0.0
7075,9,4,5,1.0
7076,16,17,-1,0.0
7077,10,12,-2,0.0
7078,11,9,2,1.0
7079,2,2,0,1.0
7080,20,11,9,1.0
7081,6,9,-3,0.0
7082,3,3,0,1.0
7083,7,7,0,1.0
7084,0,1,-1,0.0
7085,5,10,-5,0.0
7086,14,11,3,1.0
7087,11,15,-4,0.0
7088,5,11,-6,0.0
7089,2,3,-1,0.0
7090,1,3,-2,0.0
7091,1,2,-1,0.0
7092,10,12,-2,0.0
7093,10,4,6,1.0
7094,1,1,0,1.0
7095,3,2,1,1.0
7096,15,18,-3,0.0
7097,7,4,3,1.0
7098,5,3,2,1.0
7099,11,4,7,1.0
7100,1,2,-1,0.0
7101,0,2,-2,0.0
7102,11,23,-12,0.0
7103,7,11,-4,0.0
7104,2,1,1,1.0
7105,3,3,0,1.0
7106,1,3,-2,0.0
7107,5,3,2,1.0
7108,18,25,-7,0.0
7109,15,9,6,1.0
7110,1,3,-2,0.0
7111,20,26,-6,0.0
7112,0,0,0,1.0
7113,15,17,-2,0.0
7114,11,19,-8,0.0
7115,15,20,-5,0.0
7116,2,1,1,1.0
7117,2,0,2,1.0
7118,19,17,2,1.0
7119,11,23,-12,0.0
7120,5,2,3,1.0
7121,18,18,0,1.0
7122,19,22,-3,0.0
7123,5,2,3,1.0
7124,8,7,1,1.0
7125,9,20,-11,0.0
7126,8,6,2,1.0
7127,14,11,3,1.0
7128,15,24,-9,0.0
7129,0,1,-1,0.0
7130,8,6,2,1.0
7131,15,14,1,1.0
7132,10,25,-15,0.0
7133,3,2,1,1.0
7134,0,2,-2,0.0
7135,8,12,-4,0.0
7136,2,6,-4,0.0
7137,4,3,1,1.0
7138,9,13,-4,0.0
7139,16,7,9,1.0
7140,5,4,1,1.0
7141,14,12,2,1.0
7142,4,2,2,1.0
7143,21,13,8,1.0
7144,9,8,1,1.0
7145,15,9,6,1.0
7146,5,7,-2,0.0
7147,4,6,-2,0.0
7148,3,0,3,1.0
7149,7,10,-3,0.0
7150,8,9,-1,0.0
7151,7,9,-2,0.0
7152,17,20,-3,0.0
7153,14,15,-1,0.0
7154,2,5,-3,0.0
7155,11,10,1,1.0
7156,10,11,-1,0.0
7157,15,7,8,1.0
7158,22,6,16,1.0
7159,11,8,3,1.0
7160,12,9,3,1.0
7161,3,4,-1,0.0
7162,12,6,6,1.0
7163,5,11,-6,0.0
7164,10,10,0,1.0
7165,3,3,0,1.0
7166,21,17,4,1.0
7167,15,9,6,1.0
7168,1,3,-2,0.0
7169,3,2,1,1.0
7170,6,9,-3,0.0
7171,3,4,-1,0.0
7172,12,12,0,1.0
7173,10,2,8,1.0
7174,18,24,-6,0.0
7175,3,2,1,1.0
7176,3,2,1,1.0
7177,3,4,-1,0.0
7178,12,13,-1,0.0
7179,27,23,4,1.0
7180,25,23,2,1.0
7181,0,0,0,1.0
7182,15,15,0,1.0
7183,23,22,1,1.0
7184,6,6,0,1.0
7185,21,4,17,1.0
7186,0,1,-1,0.0
7187,0,0,0,1.0
7188,5,4,1,1.0
7189,6,3,3,1.0
7190,0,0,0,1.0
7191,4,2,2,1.0
7192,4,1,3,1.0
7193,2,3,-1,0.0
7194,5,7,-2,0.0
7195,4,3,1,1.0
7196,7,4,3,1.0
7197,12,12,0,1.0
7198,18,13,5,1.0
7199,6,3,3,1.0
7200,5,5,0,1.0
7201,3,1,2,1.0
7202,7,6,1,1.0
7203,0,1,-1,0.0
7204,7,6,1,1.0
7205,4,1,3,1.0
7206,2,1,1,1.0
7207,7,3,4,1.0
7208,1,1,0,1.0
7209,6,6,0,1.0
7210,3,2,1,1.0
7211,6,4,2,1.0
7212,13,15,-2,0.0
7213,16,20,-4,0.0
7214,5,4,1,1.0
7215,13,8,5,1.0
7216,12,10,2,1.0
7217,1,8,-7,0.0
7218,8,9,-1,0.0
7219,14,6,8,1.0
7220,13,15,-2,0.0
7221,5,2,3,1.0
7222,16,6,10,1.0
7223,10,3,7,1.0
7224,8,9,-1,0.0
7225,8,5,3,1.0
7226,2,0,2,1.0
7227,1,2,-1,0.0
7228,0,1,-1,0.0
7229,6,8,-2,0.0
7230,4,7,-3,0.0
7231,5,11,-6,0.0
7232,3,2,1,1.0
7233,4,6,-2,0.0
7234,3,1,2,1.0
7235,0,1,-1,0.0
7236,0,2,-2,0.0
7237,0,2,-2,0.0
7238,8,3,5,1.0
7239,3,0,3,1.0
7240,11,19,-8,0.0
7241,14,10,4,1.0
7242,5,4,1,1.0
7243,6,11,-5,0.0
7244,6,12,-6,0.0
7245,2,1,1,1.0
7246,11,0,11,1.0
7247,6,2,4,1.0
7248,2,7,-5,0.0
7249,10,15,-5,0.0
7250,2,3,-1,0.0
7251,3,4,-1,0.0
7252,0,0,0,1.0
7253,7,5,2,1.0
7254,1,0,1,1.0
7255,2,0,2,1.0
7256,5,2,3,1.0
7257,0,1,-1,0.0
7258,30,24,6,1.0
7259,4,12,-8,0.0
7260,0,0,0,1.0
7261,1,4,-3,0.0
7262,9,14,-5,0.0
7263,3,3,0,1.0
7264,4,5,-1,0.0
7265,0,1,-1,0.0
7266,0,1,-1,0.0
7267,10,15,-5,0.0
7268,10,16,-6,0.0
7269,5,4,1,1.0
7270,8,3,5,1.0
7271,3,3,0,1.0
7272,17,12,5,1.0
7273,3,1,2,1.0
7274,7,1,6,1.0
7275,13,18,-5,0.0
7276,3,2,1,1.0
7277,11,19,-8,0.0
7278,11,19,-8,0.0
7279,6,4,2,1.0
7280,18,8,10,1.0
7281,8,1,7,1.0
7282,10,5,5,1.0
7283,9,9,0,1.0
7284,3,2,1,1.0
7285,10,9,1,1.0
7286,2,2,0,1.0
7287,5,11,-6,0.0
7288,3,4,-1,0.0
7289,13,11,2,1.0
7290,12,4,8,1.0
7291,4,4,0,1.0
7292,4,5,-1,0.0
7293,0,1,-1,0.0
7294,7,4,3,1.0
7295,7,3,4,1.0
7296,11,13,-2,0.0
7297,11,8,3,1.0
7298,19,21,-2,0.0
7299,1,1,0,1.0
7300,0,0,0,1.0
7301,11,10,1,1.0
7302,9,13,-4,0.0
7303,9,11,-2,0.0
7304,6,4,2,1.0
7305,1,0,1,1.0
7306,7,6,1,1.0
7307,3,1,2,1.0
7308,1,1,0,1.0
7309,7,11,-4,0.0
7310,1,1,0,1.0
7311,9,2,7,1.0
7312,1,0,1,1.0
7313,2,2,0,1.0
7314,15,14,1,1.0
7315,0,0,0,1.0
7316,9,11,-2,0.0
7317,7,6,1,1.0
7318,3,4,-1,0.0
7319,1,3,-2,0.0
7320,9,4,5,1.0
7321,5,7,-2,0.0
7322,4,3,1,1.0
7323,2,1,1,1.0
7324,8,8,0,1.0
7325,6,3,3,1.0
7326,2,0,2,1.0
7327,4,5,-1,0.0
7328,1,0,1,1.0
7329,8,6,2,1.0
7330,5,4,1,1.0
7331,17,5,12,1.0
7332,2,1,1,1.0
7333,2,1,1,1.0
7334,14,9,5,1.0
7335,10,12,-2,0.0
7336,4,3,1,1.0
7337,12,12,0,1.0
7338,12,6,6,1.0
7339,33,20,13,1.0
7340,6,2,4,1.0
7341,5,3,2,1.0
7342,7,0,7,1.0
7343,3,2,1,1.0
7344,5,6,-1,0.0
7345,4,2,2,1.0
7346,0,1,-1,0.0
7347,7,7,0,1.0
7348,2,2,0,1.0
7349,6,2,4,1.0
7350,5,3,2,1.0
7351,11,4,7,1.0
7352,4,3,1,1.0
7353,15,15,0,1.0
7354,16,19,-3,0.0
7355,0,1,-1,0.0
7356,8,3,5,1.0
7357,5,3,2,1.0
7358,5,2,3,1.0
7359,8,1,7,1.0
7360,3,1,2,1.0
7361,4,2,2,1.0
7362,5,1,4,1.0
7363,5,7,-2,0.0
7364,3,0,3,1.0
7365,5,11,-6,0.0
7366,3,4,-1,0.0
7367,3,1,2,1.0
7368,2,7,-5,0.0
7369,4,4,0,1.0
7370,7,7,0,1.0
7371,18,30,-12,0.0
7372,3,4,-1,0.0
7373,16,22,-6,0.0
7374,0,3,-3,0.0
7375,20,22,-2,0.0
7376,2,3,-1,0.0
7377,0,0,0,1.0
7378,12,4,8,1.0
7379,14,14,0,1.0
7380,14,17,-3,0.0
7381,1,2,-1,0.0
7382,28,22,6,1.0
7383,2,1,1,1.0
7384,1,3,-2,0.0
7385,1,1,0,1.0
7386,11,9,2,1.0
7387,5,4,1,1.0
7388,16,6,10,1.0
7389,4,6,-2,0.0
7390,13,18,-5,0.0
7391,0,1,-1,0.0
7392,0,1,-1,0.0
7393,1,1,0,1.0
7394,0,0,0,1.0
7395,18,26,-8,0.0
7396,25,17,8,1.0
7397,18,9,9,1.0
7398,15,4,11,1.0
7399,0,1,-1,0.0
7400,8,2,6,1.0
7401,5,2,3,1.0
7402,2,0,2,1.0
7403,2,1,1,1.0
7404,5,1,4,1.0
7405,5,4,1,1.0
7406,4,2,2,1.0
7407,2,1,1,1.0
7408,7,2,5,1.0
7409,3,1,2,1.0
7410,9,10,-1,0.0
7411,10,9,1,1.0
7412,2,0,2,1.0
7413,2,2,0,1.0
7414,4,7,-3,0.0
7415,3,4,-1,0.0
7416,14,15,-1,0.0
7417,9,9,0,1.0
7418,9,2,7,1.0
7419,3,2,1,1.0
7420,17,12,5,1.0
7421,2,2,0,1.0
7422,6,2,4,1.0
7423,8,13,-5,0.0
7424,8,9,-1,0.0
7425,5,2,3,1.0
7426,7,7,0,1.0
7427,7,2,5,1.0
7428,10,23,-13,0.0
7429,7,7,0,1.0
7430,9,5,4,1.0
7431,24,21,3,1.0
7432,3,4,-1,0.0
7433,2,1,1,1.0
7434,17,19,-2,0.0
7435,25,19,6,1.0
7436,9,3,6,1.0
7437,11,18,-7,0.0
7438,1,3,-2,0.0
7439,18,9,9,1.0
7440,5,6,-1,0.0
7441,26,19,7,1.0
7442,14,13,1,1.0
7443,12,7,5,1.0
7444,2,5,-3,0.0
7445,9,8,1,1.0
7446,18,10,8,1.0
7447,4,16,-12,0.0
7448,15,11,4,1.0
7449,13,10,3,1.0
7450,1,2,-1,0.0
7451,7,1,6,1.0
7452,7,12,-5,0.0
7453,2,2,0,1.0
7454,5,7,-2,0.0
7455,2,1,1,1.0
7456,6,8,-2,0.0
7457,2,1,1,1.0
7458,13,2,11,1.0
7459,6,5,1,1.0
7460,5,3,2,1.0
7461,4,3,1,1.0
7462,16,20,-4,0.0
7463,9,10,-1,0.0
7464,9,7,2,1.0
7465,4,7,-3,0.0
7466,9,6,3,1.0
7467,5,7,-2,0.0
7468,9,6,3,1.0
7469,5,8,-3,0.0
7470,9,3,6,1.0
7471,4,9,-5,0.0
7472,0,0,0,1.0
7473,24,22,2,1.0
7474,5,6,-1,0.0
7475,10,3,7,1.0
7476,11,9,2,1.0
7477,4,1,3,1.0
7478,13,5,8,1.0
7479,4,0,4,1.0
7480,19,7,12,1.0
7481,7,7,0,1.0
7482,1,1,0,1.0
7483,11,8,3,1.0
7484,7,6,1,1.0
7485,12,10,2,1.0
7486,2,0,2,1.0
7487,4,4,0,1.0
7488,12,10,2,1.0
7489,1,1,0,1.0
7490,7,3,4,1.0
7491,3,3,0,1.0
7492,10,9,1,1.0
7493,10,8,2,1.0
7494,17,13,4,1.0
7495,4,2,2,1.0
7496,10,10,0,1.0
7497,5,4,1,1.0
7498,6,6,0,1.0
7499,10,15,-5,0.0
7500,14,2,12,1.0
7501,3,0,3,1.0
7502,6,4,2,1.0
7503,3,2,1,1.0
7504,4,4,0,1.0
7505,13,9,4,1.0
7506,4,5,-1,0.0
7507,3,7,-4,0.0
7508,19,14,5,1.0
7509,14,18,-4,0.0
7510,5,3,2,1.0
7511,5,2,3,1.0
7512,13,11,2,1.0
7513,11,13,-2,0.0
7514,6,5,1,1.0
7515,19,17,2,1.0
7516,11,6,5,1.0
7517,17,14,3,1.0
7518,11,9,2,1.0
7519,6,6,0,1.0
7520,1,4,-3,0.0
7521,14,9,5,1.0
7522,16,20,-4,0.0
7523,3,0,3,1.0
7524,12,15,-3,0.0
7525,9,3,6,1.0
7526,9,14,-5,0.0
7527,16,18,-2,0.0
7528,10,17,-7,0.0
7529,16,13,3,1.0
7530,7,5,2,1.0
7531,7,8,-1,0.0
7532,6,7,-1,0.0
7533,19,18,1,1.0
7534,3,1,2,1.0
7535,15,8,7,1.0
7536,38,16,22,1.0
7537,6,7,-1,0.0
7538,7,2,5,1.0
7539,11,3,8,1.0
7540,0,2,-2,0.0
7541,4,0,4,1.0
7542,5,5,0,1.0
7543,9,5,4,1.0
7544,8,11,-3,0.0
7545,7,10,-3,0.0
7546,15,10,5,1.0
7547,2,1,1,1.0
7548,0,1,-1,0.0
7549,12,16,-4,0.0
7550,5,1,4,1.0
7551,5,3,2,1.0
7552,26,17,9,1.0
7553,19,24,-5,0.0
7554,24,22,2,1.0
7555,12,11,1,1.0
7556,22,14,8,1.0
7557,11,7,4,1.0
7558,11,1,10,1.0
7559,14,6,8,1.0
7560,11,7,4,1.0
7561,11,3,8,1.0
7562,16,20,-4,0.0
7563,22,18,4,1.0
7564,13,7,6,1.0
7565,16,24,-8,0.0
7566,5,2,3,1.0
7567,10,4,6,1.0
7568,16,23,-7,0.0
7569,4,6,-2,0.0
7570,4,3,1,1.0
7571,5,1,4,1.0
7572,18,19,-1,0.0
7573,5,6,-1,0.0
7574,16,13,3,1.0
7575,3,2,1,1.0
7576,8,5,3,1.0
7577,8,1,7,1.0
7578,0,0,0,1.0
7579,1,3,-2,0.0
7580,3,0,3,1.0
7581,4,0,4,1.0
7582,0,1,-1,0.0
7583,11,16,-5,0.0
7584,1,0,1,1.0
7585,4,4,0,1.0
7586,2,5,-3,0.0
7587,20,21,-1,0.0
7588,5,11,-6,0.0
7589,5,0,5,1.0
7590,5,3,2,1.0
7591,12,6,6,1.0
7592,2,3,-1,0.0
7593,6,2,4,1.0
7594,5,5,0,1.0
7595,3,1,2,1.0
7596,13,12,1,1.0
7597,3,0,3,1.0
7598,5,3,2,1.0
7599,3,2,1,1.0
7600,6,7,-1,0.0
7601,2,8,-6,0.0
7602,6,5,1,1.0
7603,9,8,1,1.0
7604,9,7,2,1.0
7605,19,14,5,1.0
7606,6,7,-1,0.0
7607,25,11,14,1.0
7608,17,16,1,1.0
7609,12,17,-5,0.0
7610,13,13,0,1.0
7611,11,11,0,1.0
7612,21,9,12,1.0
7613,6,2,4,1.0
7614,12,15,-3,0.0
7615,17,6,11,1.0
7616,10,9,1,1.0
7617,5,4,1,1.0
7618,9,3,6,1.0
7619,2,1,1,1.0
7620,0,1,-1,0.0
7621,3,3,0,1.0
7622,2,4,-2,0.0
7623,1,0,1,1.0
7624,6,1,5,1.0
7625,3,7,-4,0.0
7626,9,9,0,1.0
7627,6,4,2,1.0
7628,2,1,1,1.0
7629,18,5,13,1.0
7630,5,10,-5,0.0
7631,14,6,8,1.0
7632,18,17,1,1.0
7633,10,5,5,1.0
7634,19,12,7,1.0
7635,3,4,-1,0.0
7636,4,1,3,1.0
7637,18,16,2,1.0
7638,9,3,6,1.0
7639,19,39,-20,0.0
7640,10,11,-1,0.0
7641,6,8,-2,0.0
7642,5,8,-3,0.0
7643,9,4,5,1.0
7644,5,7,-2,0.0
7645,4,1,3,1.0
7646,8,7,1,1.0
7647,10,5,5,1.0
7648,0,2,-2,0.0
7649,6,5,1,1.0
7650,24,21,3,1.0
7651,11,9,2,1.0
7652,15,12,3,1.0
7653,4,6,-2,0.0
7654,1,1,0,1.0
7655,4,4,0,1.0
7656,9,15,-6,0.0
7657,2,5,-3,0.0
7658,6,5,1,1.0
7659,12,14,-2,0.0
7660,2,4,-2,0.0
7661,9,16,-7,0.0
7662,1,2,-1,0.0
7663,4,3,1,1.0
7664,2,2,0,1.0
7665,4,2,2,1.0
7666,9,4,5,1.0
7667,3,2,1,1.0
7668,5,3,2,1.0
7669,3,2,1,1.0
7670,7,9,-2,0.0
7671,0,0,0,1.0
7672,6,5,1,1.0
7673,12,9,3,1.0
7674,14,12,2,1.0
7675,3,9,-6,0.0
7676,21,8,13,1.0
7677,11,11,0,1.0
7678,13,7,6,1.0
7679,13,14,-1,0.0
7680,9,8,1,1.0
7681,13,14,-1,0.0
7682,9,11,-2,0.0
7683,10,3,7,1.0
7684,5,2,3,1.0
7685,10,2,8,1.0
7686,2,2,0,1.0
7687,7,11,-4,0.0
7688,7,6,1,1.0
7689,21,11,10,1.0
7690,5,13,-8,0.0
7691,16,9,7,1.0
7692,2,2,0,1.0
7693,1,1,0,1.0
7694,1,0,1,1.0
7695,6,0,6,1.0
7696,0,2,-2,0.0
7697,3,0,3,1.0
7698,1,3,-2,0.0
7699,14,22,-8,0.0
7700,21,11,10,1.0
7701,10,2,8,1.0
7702,9,5,4,1.0
7703,3,3,0,1.0
7704,6,3,3,1.0
7705,10,13,-3,0.0
7706,5,7,-2,0.0
7707,3,0,3,1.0
7708,0,0,0,1.0
7709,6,3,3,1.0
7710,18,23,-5,0.0
7711,13,25,-12,0.0
7712,3,0,3,1.0
7713,2,1,1,1.0
7714,10,17,-7,0.0
7715,2,2,0,1.0
7716,3,4,-1,0.0
7717,5,4,1,1.0
7718,8,13,-5,0.0
7719,21,9,12,1.0
7720,1,2,-1,0.0
7721,7,3,4,1.0
7722,20,11,9,1.0
7723,11,16,-5,0.0
7724,5,9,-4,0.0
7725,12,11,1,1.0
7726,5,4,1,1.0
7727,3,2,1,1.0
7728,10,7,3,1.0
7729,1,6,-5,0.0
7730,5,5,0,1.0
7731,3,8,-5,0.0
7732,11,11,0,1.0
7733,8,10,-2,0.0
7734,8,15,-7,0.0
7735,26,25,1,1.0
7736,3,3,0,1.0
7737,23,19,4,1.0
7738,5,11,-6,0.0
7739,8,6,2,1.0
7740,6,4,2,1.0
7741,7,8,-1,0.0
7742,6,6,0,1.0
7743,12,21,-9,0.0
7744,1,0,1,1.0
7745,0,1,-1,0.0
7746,13,7,6,1.0
7747,14,12,2,1.0
7748,2,2,0,1.0
7749,2,2,0,1.0
7750,1,0,1,1.0
7751,14,11,3,1.0
7752,3,3,0,1.0
7753,4,1,3,1.0
7754,19,29,-10,0.0
7755,1,2,-1,0.0
7756,5,4,1,1.0
7757,0,1,-1,0.0
7758,0,1,-1,0.0
7759,3,3,0,1.0
7760,1,1,0,1.0
7761,3,1,2,1.0
7762,12,9,3,1.0
7763,6,4,2,1.0
7764,0,1,-1,0.0
7765,4,5,-1,0.0
7766,4,8,-4,0.0
7767,3,1,2,1.0
7768,24,10,14,1.0
7769,12,13,-1,0.0
7770,3,1,2,1.0
7771,7,3,4,1.0
7772,5,6,-1,0.0
7773,5,1,4,1.0
7774,14,8,6,1.0
7775,6,5,1,1.0
7776,5,4,1,1.0
7777,8,3,5,1.0
7778,6,3,3,1.0
7779,4,2,2,1.0
7780,11,6,5,1.0
7781,8,2,6,1.0
7782,10,1,9,1.0
7783,6,5,1,1.0
7784,19,13,6,1.0
7785,8,5,3,1.0
7786,8,10,-2,0.0
7787,2,6,-4,0.0
7788,9,6,3,1.0
7789,4,2,2,1.0
7790,19,23,-4,0.0
7791,13,8,5,1.0
7792,6,5,1,1.0
7793,0,1,-1,0.0
7794,9,3,6,1.0
7795,10,0,10,1.0
7796,18,23,-5,0.0
7797,5,4,1,1.0
7798,11,13,-2,0.0
7799,10,3,7,1.0
7800,10,9,1,1.0
7801,17,4,13,1.0
7802,18,6,12,1.0
7803,1,2,-1,0.0
7804,17,31,-14,0.0
7805,18,6,12,1.0
7806,10,2,8,1.0
7807,2,4,-2,0.0
7808,1,3,-2,0.0
7809,24,25,-1,0.0
7810,12,9,3,1.0
7811,8,4,4,1.0
7812,19,11,8,1.0
7813,6,4,2,1.0
7814,3,1,2,1.0
7815,5,2,3,1.0
7816,24,16,8,1.0
7817,5,9,-4,0.0
7818,16,6,10,1.0
7819,19,13,6,1.0
7820,7,4,3,1.0
7821,1,0,1,1.0
7822,4,7,-3,0.0
7823,5,5,0,1.0
7824,10,7,3,1.0
7825,8,7,1,1.0
7826,4,1,3,1.0
7827,8,2,6,1.0
7828,24,19,5,1.0
7829,0,2,-2,0.0
7830,21,18,3,1.0
7831,12,6,6,1.0
7832,17,8,9,1.0
7833,9,4,5,1.0
7834,12,12,0,1.0
7835,0,2,-2,0.0
7836,15,16,-1,0.0
7837,15,0,15,1.0
7838,11,11,0,1.0
7839,2,1,1,1.0
7840,11,9,2,1.0
7841,14,8,6,1.0
7842,16,13,3,1.0
7843,11,10,1,1.0
7844,4,9,-5,0.0
7845,13,11,2,1.0
7846,9,11,-2,0.0
7847,8,2,6,1.0
7848,15,9,6,1.0
7849,14,2,12,1.0
7850,2,10,-8,0.0
7851,3,1,2,1.0
7852,6,3,3,1.0
7853,8,7,1,1.0
7854,4,0,4,1.0
7855,13,9,4,1.0
7856,11,6,5,1.0
7857,3,6,-3,0.0
7858,4,1,3,1.0
7859,12,10,2,1.0
7860,11,12,-1,0.0
7861,4,0,4,1.0
7862,15,3,12,1.0
7863,9,8,1,1.0
7864,8,3,5,1.0
7865,10,2,8,1.0
7866,1,1,0,1.0
7867,1,0,1,1.0
7868,3,1,2,1.0
7869,13,14,-1,0.0
7870,7,3,4,1.0
7871,2,1,1,1.0
7872,12,11,1,1.0
7873,6,2,4,1.0
7874,8,3,5,1.0
7875,7,3,4,1.0
7876,0,2,-2,0.0
7877,18,9,9,1.0
7878,1,2,-1,0.0
7879,5,1,4,1.0
7880,17,7,10,1.0
7881,1,2,-1,0.0
7882,6,2,4,1.0
7883,3,2,1,1.0
7884,8,2,6,1.0
7885,13,8,5,1.0
7886,16,1,15,1.0
7887,13,10,3,1.0
7888,0,1,-1,0.0
7889,4,7,-3,0.0
7890,8,6,2,1.0
7891,4,3,1,1.0
7892,1,9,-8,0.0
7893,0,1,-1,0.0
7894,15,10,5,1.0
7895,3,2,1,1.0
7896,2,2,0,1.0
7897,16,11,5,1.0
7898,3,4,-1,0.0
7899,6,0,6,1.0
7900,7,8,-1,0.0
7901,4,5,-1,0.0
7902,10,9,1,1.0
7903,16,10,6,1.0
7904,13,21,-8,0.0
7905,7,7,0,1.0
7906,1,2,-1,0.0
7907,4,6,-2,0.0
7908,18,19,-1,0.0
7909,3,5,-2,0.0
7910,6,5,1,1.0
7911,8,4,4,1.0
7912,15,15,0,1.0
7913,6,2,4,1.0
7914,27,18,9,1.0
7915,11,13,-2,0.0
7916,12,11,1,1.0
7917,7,2,5,1.0
7918,6,6,0,1.0
7919,18,19,-1,0.0
7920,4,4,0,1.0
7921,1,3,-2,0.0
7922,14,9,5,1.0
7923,7,4,3,1.0
7924,14,19,-5,0.0
7925,9,11,-2,0.0
7926,11,17,-6,0.0
7927,9,8,1,1.0
7928,3,3,0,1.0
7929,12,6,6,1.0
7930,5,6,-1,0.0
7931,13,11,2,1.0
7932,2,1,1,1.0
7933,10,5,5,1.0
7934,6,11,-5,0.0
7935,10,18,-8,0.0
7936,5,7,-2,0.0
7937,10,11,-1,0.0
7938,3,1,2,1.0
7939,18,11,7,1.0
7940,2,1,1,1.0
7941,6,6,0,1.0
7942,3,2,1,1.0
7943,9,9,0,1.0
7944,4,0,4,1.0
7945,2,0,2,1.0
7946,5,1,4,1.0
7947,5,7,-2,0.0
7948,0,0,0,1.0
7949,8,6,2,1.0
7950,11,10,1,1.0
7951,10,4,6,1.0
7952,2,4,-2,0.0
7953,0,0,0,1.0
7954,13,8,5,1.0
7955,1,1,0,1.0
7956,0,5,-5,0.0
7957,3,4,-1,0.0
7958,5,3,2,1.0
7959,32,18,14,1.0
7960,0,1,-1,0.0
7961,9,1,8,1.0
7962,6,2,4,1.0
7963,2,5,-3,0.0
7964,6,3,3,1.0
7965,2,6,-4,0.0
7966,25,17,8,1.0
7967,12,16,-4,0.0
7968,7,2,5,1.0
7969,12,12,0,1.0
7970,14,9,5,1.0
7971,4,6,-2,0.0
7972,13,18,-5,0.0
7973,14,14,0,1.0
7974,17,14,3,1.0
7975,6,7,-1,0.0
7976,27,17,10,1.0
7977,5,6,-1,0.0
7978,23,22,1,1.0
7979,10,6,4,1.0
7980,9,13,-4,0.0
7981,13,6,7,1.0
7982,3,7,-4,0.0
7983,14,11,3,1.0
7984,2,5,-3,0.0
7985,8,10,-2,0.0
7986,4,2,2,1.0
7987,6,18,-12,0.0
7988,1,1,0,1.0
7989,13,8,5,1.0
7990,11,8,3,1.0
7991,15,6,9,1.0
7992,4,1,3,1.0
7993,1,0,1,1.0
7994,14,18,-4,0.0
7995,9,8,1,1.0
7996,11,10,1,1.0
7997,4,7,-3,0.0
7998,21,12,9,1.0
7999,5,6,-1,0.0
8000,2,2,0,1.0
8001,8,6,2,1.0
8002,1,3,-2,0.0
8003,10,4,6,1.0
8004,8,11,-3,0.0
8005,5,5,0,1.0
8006,20,14,6,1.0
8007,0,2,-2,0.0
8008,7,10,-3,0.0
8009,15,20,-5,0.0
8010,13,9,4,1.0
8011,6,2,4,1.0
8012,4,2,2,1.0
8013,0,0,0,1.0
8014,6,6,0,1.0
8015,7,5,2,1.0
8016,5,11,-6,0.0
8017,18,20,-2,0.0
8018,1,0,1,1.0
8019,1,0,1,1.0
8020,3,1,2,1.0
8021,19,13,6,1.0
8022,3,2,1,1.0
8023,14,20,-6,0.0
8024,0,3,-3,0.0
8025,3,5,-2,0.0
8026,22,26,-4,0.0
8027,5,2,3,1.0
8028,18,14,4,1.0
8029,5,5,0,1.0
8030,8,6,2,1.0
8031,11,5,6,1.0
8032,10,11,-1,0.0
8033,10,14,-4,0.0
8034,0,0,0,1.0
8035,1,0,1,1.0
8036,12,6,6,1.0
8037,8,3,5,1.0
8038,1,2,-1,0.0
8039,5,2,3,1.0
8040,3,0,3,1.0
8041,3,5,-2,0.0
8042,9,5,4,1.0
8043,5,5,0,1.0
8044,13,11,2,1.0
8045,7,5,2,1.0
8046,4,4,0,1.0
8047,16,18,-2,0.0
8048,0,1,-1,0.0
8049,7,13,-6,0.0
8050,11,16,-5,0.0
8051,17,28,-11,0.0
8052,1,1,0,1.0
8053,33,25,8,1.0
8054,13,13,0,1.0
8055,2,1,1,1.0
8056,1,5,-4,0.0
8057,11,10,1,1.0
8058,6,0,6,1.0
8059,15,11,4,1.0
8060,3,1,2,1.0
8061,12,11,1,1.0
8062,7,5,2,1.0
8063,5,1,4,1.0
8064,1,1,0,1.0
8065,5,3,2,1.0
8066,3,3,0,1.0
8067,5,2,3,1.0
8068,14,11,3,1.0
8069,4,0,4,1.0
8070,6,1,5,1.0
8071,1,2,-1,0.0
8072,8,7,1,1.0
8073,21,11,10,1.0
8074,6,0,6,1.0
8075,6,5,1,1.0
8076,7,6,1,1.0
8077,4,2,2,1.0
8078,3,1,2,1.0
8079,7,3,4,1.0
8080,0,0,0,1.0
8081,14,11,3,1.0
8082,4,1,3,1.0
8083,18,16,2,1.0
8084,6,9,-3,0.0
8085,4,4,0,1.0
8086,5,0,5,1.0
8087,8,4,4,1.0
8088,12,5,7,1.0
8089,13,6,7,1.0
8090,26,23,3,1.0
8091,15,16,-1,0.0
8092,4,0,4,1.0
8093,16,13,3,1.0
8094,11,14,-3,0.0
8095,7,2,5,1.0
8096,4,2,2,1.0
8097,8,8,0,1.0
8098,4,5,-1,0.0
8099,10,8,2,1.0
8100,0,0,0,1.0
8101,3,3,0,1.0
8102,24,19,5,1.0
8103,1,2,-1,0.0
8104,15,7,8,1.0
8105,1,0,1,1.0
8106,2,1,1,1.0
8107,3,8,-5,0.0
8108,1,7,-6,0.0
8109,16,7,9,1.0
8110,21,14,7,1.0
8111,2,3,-1,0.0
8112,8,9,-1,0.0
8113,1,0,1,1.0
8114,1,0,1,1.0
8115,1,1,0,1.0
8116,4,4,0,1.0
8117,14,6,8,1.0
8118,0,1,-1,0.0
8119,0,1,-1,0.0
8120,3,1,2,1.0
8121,4,1,3,1.0
8122,3,3,0,1.0
8123,0,0,0,1.0
8124,15,12,3,1.0
8125,14,11,3,1.0
8126,21,18,3,1.0
8127,2,4,-2,0.0
8128,3,7,-4,0.0
8129,16,11,5,1.0
8130,7,4,3,1.0
8131,27,14,13,1.0
8132,8,8,0,1.0
8133,10,7,3,1.0
8134,0,1,-1,0.0
8135,0,0,0,1.0
8136,31,14,17,1.0
8137,5,9,-4,0.0
8138,7,5,2,1.0
8139,8,7,1,1.0
8140,19,9,10,1.0
8141,9,4,5,1.0
8142,17,7,10,1.0
8143,2,0,2,1.0
8144,2,0,2,1.0
8145,11,8,3,1.0
8146,0,0,0,1.0
8147,1,1,0,1.0
8148,2,0,2,1.0
8149,2,1,1,1.0
8150,15,23,-8,0.0
8151,5,4,1,1.0
8152,0,4,-4,0.0
8153,0,0,0,1.0
8154,4,3,1,1.0
8155,18,23,-5,0.0
8156,1,0,1,1.0
8157,15,6,9,1.0
8158,11,9,2,1.0
8159,9,8,1,1.0
8160,2,2,0,1.0
8161,0,5,-5,0.0
8162,12,8,4,1.0
8163,4,3,1,1.0
8164,4,4,0,1.0
8165,6,12,-6,0.0
8166,1,0,1,1.0
8167,4,3,1,1.0
8168,22,21,1,1.0
8169,3,3,0,1.0
8170,0,0,0,1.0
8171,8,8,0,1.0
8172,5,5,0,1.0
8173,2,2,0,1.0
8174,6,0,6,1.0
8175,17,21,-4,0.0
8176,5,2,3,1.0
8177,17,8,9,1.0
8178,0,0,0,1.0
8179,9,12,-3,0.0
8180,10,7,3,1.0
8181,19,22,-3,0.0
8182,0,0,0,1.0
8183,19,21,-2,0.0
8184,1,0,1,1.0
8185,2,4,-2,0.0
8186,3,4,-1,0.0
8187,0,0,0,1.0
8188,7,3,4,1.0
8189,0,1,-1,0.0
8190,1,0,1,1.0
8191,1,0,1,1.0
8192,10,10,0,1.0
8193,2,1,1,1.0
8194,1,2,-1,0.0
8195,4,2,2,1.0
8196,6,8,-2,0.0
8197,0,0,0,1.0
8198,26,13,13,1.0
8199,3,2,1,1.0
8200,9,4,5,1.0
8201,7,4,3,1.0
8202,3,1,2,1.0
8203,9,11,-2,0.0
8204,6,7,-1,0.0
8205,8,10,-2,0.0
8206,4,1,3,1.0
8207,5,2,3,1.0
8208,20,13,7,1.0
8209,5,1,4,1.0
8210,3,5,-2,0.0
8211,3,3,0,1.0
8212,9,11,-2,0.0
8213,5,1,4,1.0
8214,23,6,17,1.0
8215,5,8,-3,0.0
8216,0,0,0,1.0
8217,3,6,-3,0.0
8218,12,13,-1,0.0
8219,4,2,2,1.0
8220,1,0,1,1.0
8221,5,4,1,1.0
8222,5,2,3,1.0
8223,5,1,4,1.0
8224,1,0,1,1.0
8225,0,1,-1,0.0
8226,5,2,3,1.0
8227,3,9,-6,0.0
8228,2,1,1,1.0
8229,10,8,2,1.0
8230,5,7,-2,0.0
8231,10,6,4,1.0
8232,7,4,3,1.0
8233,7,4,3,1.0
8234,8,10,-2,0.0
8235,1,0,1,1.0
8236,10,12,-2,0.0
8237,9,8,1,1.0
8238,2,2,0,1.0
8239,1,2,-1,0.0
8240,4,2,2,1.0
8241,8,8,0,1.0
8242,5,4,1,1.0
8243,10,22,-12,0.0
8244,6,8,-2,0.0
8245,19,22,-3,0.0
8246,6,4,2,1.0
8247,11,15,-4,0.0
8248,11,14,-3,0.0
8249,11,18,-7,0.0
8250,3,2,1,1.0
8251,9,4,5,1.0
8252,3,1,2,1.0
8253,5,7,-2,0.0
8254,11,19,-8,0.0
8255,15,13,2,1.0
8256,26,27,-1,0.0
8257,3,1,2,1.0
8258,11,11,0,1.0
8259,4,3,1,1.0
8260,15,14,1,1.0
8261,2,2,0,1.0
8262,0,1,-1,0.0
8263,2,11,-9,0.0
8264,11,14,-3,0.0
8265,7,12,-5,0.0
8266,7,4,3,1.0
8267,5,3,2,1.0
8268,20,21,-1,0.0
8269,7,1,6,1.0
8270,9,5,4,1.0
8271,3,5,-2,0.0
8272,10,7,3,1.0
8273,2,1,1,1.0
8274,12,16,-4,0.0
8275,10,11,-1,0.0
8276,0,0,0,1.0
8277,8,3,5,1.0
8278,8,4,4,1.0
8279,5,4,1,1.0
8280,10,13,-3,0.0
8281,9,4,5,1.0
8282,5,6,-1,0.0
8283,11,18,-7,0.0
8284,0,1,-1,0.0
8285,1,1,0,1.0
8286,10,3,7,1.0
8287,3,1,2,1.0
8288,9,6,3,1.0
8289,12,6,6,1.0
8290,6,4,2,1.0
8291,0,3,-3,0.0
8292,8,12,-4,0.0
8293,7,5,2,1.0
8294,13,3,10,1.0
8295,9,14,-5,0.0
8296,6,3,3,1.0
8297,6,4,2,1.0
8298,13,8,5,1.0
8299,10,7,3,1.0
8300,0,1,-1,0.0
8301,1,0,1,1.0
8302,10,11,-1,0.0
8303,2,2,0,1.0
8304,5,8,-3,0.0
8305,3,3,0,1.0
8306,10,11,-1,0.0
8307,10,11,-1,0.0
8308,16,4,12,1.0
8309,1,0,1,1.0
8310,21,17,4,1.0
8311,2,1,1,1.0
8312,2,5,-3,0.0
8313,6,8,-2,0.0
8314,0,0,0,1.0
8315,1,0,1,1.0
8316,4,0,4,1.0
8317,1,1,0,1.0
8318,26,22,4,1.0
8319,0,0,0,1.0
8320,2,1,1,1.0
8321,25,16,9,1.0
8322,16,9,7,1.0
8323,4,3,1,1.0
8324,5,3,2,1.0
8325,10,10,0,1.0
8326,37,38,-1,0.0
8327,0,1,-1,0.0
8328,2,2,0,1.0
8329,32,26,6,1.0
8330,2,2,0,1.0
8331,7,8,-1,0.0
8332,5,4,1,1.0
8333,13,8,5,1.0
8334,8,21,-13,0.0
8335,0,0,0,1.0
8336,1,0,1,1.0
8337,1,1,0,1.0
8338,6,1,5,1.0
8339,13,8,5,1.0
8340,2,0,2,1.0
8341,2,0,2,1.0
8342,6,0,6,1.0
8343,2,0,2,1.0
8344,4,2,2,1.0
8345,1,4,-3,0.0
8346,4,2,2,1.0
8347,13,8,5,1.0
8348,2,6,-4,0.0
8349,0,0,0,1.0
8350,10,8,2,1.0
8351,5,1,4,1.0
8352,31,30,1,1.0
8353,4,4,0,1.0
8354,18,3,15,1.0
8355,0,0,0,1.0
8356,6,5,1,1.0
8357,7,11,-4,0.0
8358,0,2,-2,0.0
8359,3,3,0,1.0
8360,0,0,0,1.0
8361,0,0,0,1.0
8362,0,0,0,1.0
8363,12,11,1,1.0
8364,12,9,3,1.0
8365,1,0,1,1.0
8366,3,9,-6,0.0
8367,8,7,1,1.0
8368,12,8,4,1.0
8369,9,1,8,1.0
8370,0,0,0,1.0
8371,0,1,-1,0.0
8372,0,2,-2,0.0
8373,12,7,5,1.0
8374,1,1,0,1.0
8375,4,4,0,1.0
8376,7,16,-9,0.0
8377,0,0,0,1.0
8378,22,28,-6,0.0
8379,2,9,-7,0.0
8380,3,5,-2,0.0
8381,3,2,1,1.0
8382,1,0,1,1.0
8383,16,17,-1,0.0
8384,3,4,-1,0.0
8385,4,11,-7,0.0
8386,1,0,1,1.0
8387,4,9,-5,0.0
8388,1,5,-4,0.0
8389,3,5,-2,0.0
8390,4,1,3,1.0
8391,22,29,-7,0.0
8392,9,9,0,1.0
8393,0,0,0,1.0
8394,16,11,5,1.0
8395,6,6,0,1.0
8396,18,8,10,1.0
8397,6,4,2,1.0
8398,15,7,8,1.0
8399,5,5,0,1.0
8400,9,7,2,1.0
8401,14,10,4,1.0
8402,6,6,0,1.0
8403,16,9,7,1.0
8404,6,5,1,1.0
8405,7,9,-2,0.0
8406,6,5,1,1.0
8407,9,8,1,1.0
8408,14,11,3,1.0
8409,16,14,2,1.0
8410,10,11,-1,0.0
8411,4,2,2,1.0
8412,6,6,0,1.0
8413,1,3,-2,0.0
8414,1,0,1,1.0
8415,0,0,0,1.0
8416,13,22,-9,0.0
8417,1,3,-2,0.0
8418,5,7,-2,0.0
8419,0,1,-1,0.0
8420,4,3,1,1.0
8421,9,7,2,1.0
8422,11,18,-7,0.0
8423,12,11,1,1.0
8424,5,8,-3,0.0
8425,0,0,0,1.0
8426,10,19,-9,0.0
8427,5,6,-1,0.0
8428,15,9,6,1.0
8429,10,15,-5,0.0
8430,9,7,2,1.0
8431,4,1,3,1.0
8432,12,15,-3,0.0
8433,4,3,1,1.0
8434,0,0,0,1.0
8435,13,23,-10,0.0
8436,3,3,0,1.0
8437,21,19,2,1.0
8438,6,4,2,1.0
8439,10,9,1,1.0
8440,8,7,1,1.0
8441,9,4,5,1.0
8442,12,11,1,1.0
8443,2,1,1,1.0
8444,1,2,-1,0.0
8445,9,15,-6,0.0
8446,3,1,2,1.0
8447,24,24,0,1.0
8448,14,21,-7,0.0
8449,2,9,-7,0.0
8450,9,8,1,1.0
8451,8,13,-5,0.0
8452,5,6,-1,0.0
8453,7,1,6,1.0
8454,0,0,0,1.0
8455,4,6,-2,0.0
8456,1,0,1,1.0
8457,16,17,-1,0.0
8458,30,26,4,1.0
8459,5,6,-1,0.0
8460,5,2,3,1.0
8461,3,7,-4,0.0
8462,9,3,6,1.0
8463,13,15,-2,0.0
8464,8,5,3,1.0
8465,6,10,-4,0.0
8466,4,6,-2,0.0
8467,0,2,-2,0.0
8468,7,3,4,1.0
8469,14,18,-4,0.0
8470,0,0,0,1.0
8471,23,7,16,1.0
8472,0,0,0,1.0
8473,1,1,0,1.0
8474,18,16,2,1.0
8475,1,2,-1,0.0
8476,0,0,0,1.0
8477,12,15,-3,0.0
8478,4,5,-1,0.0
8479,14,11,3,1.0
8480,5,2,3,1.0
8481,1,2,-1,0.0
8482,9,8,1,1.0
8483,8,8,0,1.0
8484,4,7,-3,0.0
8485,10,8,2,1.0
8486,3,0,3,1.0
8487,6,6,0,1.0
8488,1,1,0,1.0
8489,9,10,-1,0.0
8490,8,2,6,1.0
8491,0,0,0,1.0
8492,1,0,1,1.0
8493,11,5,6,1.0
8494,8,5,3,1.0
8495,11,14,-3,0.0
8496,8,10,-2,0.0
8497,1,4,-3,0.0
8498,10,4,6,1.0
8499,3,4,-1,0.0
8500,4,7,-3,0.0
8501,1,4,-3,0.0
8502,1,0,1,1.0
8503,1,0,1,1.0
8504,0,0,0,1.0
8505,0,2,-2,0.0
8506,3,8,-5,0.0
8507,2,0,2,1.0
8508,10,13,-3,0.0
8509,5,2,3,1.0
8510,3,5,-2,0.0
